Rank	#Visits	Model_size	log_Post_Prob	Model_Post_Prob	Jeffreys_scale	Model
1	19300	2	-21946.18307799902	0.3925138428179932	8.193902661636255	2	9	
2	13920	2	-21946.52605600313	0.2785489482921839	8.04494920703328	1	9	
3	6032	1	-21947.323888662	0.1254316692215085	6.935026892243251	9	
4	2926	2	-21948.10648688008	0.0573494311071657	7.358576798145462	4	9	
5	575	3	-21949.71014345762	0.011536389528638	7.331124376612705	2	3	9	
6	423	2	-21949.92551789581	0.009301092888378623	6.568581665604763	3	9	
7	392	3	-21950.19250703658	0.007121673695292879	7.12163653599855	1	9	14	
8	371	3	-21950.33901766783	0.006151107433630907	7.058007777308163	2	9	10	
9	297	3	-21950.37355573169	0.005942286977099596	7.043008086757724	2	9	14	
10	312	3	-21950.3819828392	0.005892421093574341	7.039348240467632	2	6	9	
11	301	3	-21950.42017044052	0.005671645931870448	7.022763575935739	2	9	15	
12	226	3	-21950.6145490525	0.004669727652422848	6.938346017352405	2	7	9	
13	214	2	-21950.61574785309	0.004664132934287113	6.268818603910855	8	9	
14	271	3	-21950.62621486902	0.004615567989013138	6.933279617612153	2	8	9	
15	239	3	-21950.65062360977	0.004504271614410134	6.922679036193429	1	8	9	
16	209	2	-21950.68055014077	0.00437147142593615	6.240675327959349	5	9	
17	213	3	-21950.69615508347	0.004303784364723473	6.902904968412172	1	9	15	
18	243	3	-21950.71165439024	0.004237592975970308	6.896173705007088	2	9	11	
19	181	3	-21950.89752026084	0.003518833501614519	6.815453183032711	2	9	12	
20	161	2	-21950.92679845442	0.003417301995465968	6.133731044162544	9	12	
21	214	3	-21950.96199799344	0.003299106949561979	6.787450859559819	1	9	12	
22	187	3	-21950.98296048953	0.003230669251617191	6.778346963181868	2	9	13	
23	168	3	-21950.9889407739	0.003211406586298871	6.775749758679062	1	9	10	
24	153	3	-21951.12053187168	0.002815438247053447	6.718600471045979	1	7	9	
25	177	3	-21951.16145621834	0.002702544091843921	6.700827253115969	1	2	9	
26	120	3	-21951.24965912185	0.002474382035184927	6.662521218832487	1	9	11	
27	125	3	-21951.28217629575	0.002395216223955625	6.648399189639627	1	9	13	
28	129	3	-21951.31306154537	0.002322370098922137	6.634985896157438	1	6	9	
29	124	3	-21951.32370780852	0.002297776682013929	6.63036228282079	2	4	9	
30	119	3	-21951.45319866425	0.002018694750999623	6.574125118717872	2	5	9	
31	82	3	-21951.67983433706	0.001609326014613778	6.475698496616993	1	3	9	
32	71	3	-21951.69305326929	0.001588192432527316	6.46995758729351	1	4	9	
33	87	2	-21951.75782364237	0.001488585234099314	5.772821390713942	9	15	
34	84	3	-21951.79311938092	0.001436960937011021	6.426499427183735	1	5	9	
35	59	2	-21951.98098161848	0.001190851009372826	5.675905113096633	9	14	
36	52	3	-21951.98545657241	0.001185533911720363	6.342968446255267	3	4	9	
37	34	1	-21952.12291104474	0.001033280568941064	4.850837952890621	5	
38	53	3	-21952.22076542288	0.0009369591268921274	6.240775110952505	4	9	14	
39	57	3	-21952.29725424774	0.0008679645173435353	6.207556436391897	4	9	10	
40	32	2	-21952.32626362415	0.0008431471169850792	5.525951043332078	9	13	
41	52	3	-21952.34529724273	0.0008272507390631813	6.186691628773906	4	9	15	
42	46	3	-21952.39445213463	0.0007875705455118608	6.165343930459284	4	6	9	
43	50	3	-21952.42945561369	0.0007604797386768366	6.150142112658908	4	8	9	
44	20	2	-21952.53677917635	0.0006830895109716506	5.434525300659798	6	9	
45	44	3	-21952.58254872901	0.0006525295032731515	6.083654617459157	4	7	9	
46	17	3	-21952.69600392507	0.0005825419254426122	6.034381651866879	4	9	11	
47	30	3	-21952.72527485574	0.0005657375212015757	6.021669448193364	4	9	12	
48	39	2	-21952.78638163807	0.0005322021747389945	5.326124328863223	9	10	
49	28	2	-21952.78760179967	0.0005315531980920841	5.325594419414484	9	11	
50	27	2	-21952.81762447261	0.0005158317313785545	5.312555738225623	7	9	
51	17	3	-21952.91116188457	0.0004697699930137551	5.940939737316415	4	9	13	
52	19	3	-21953.12547728096	0.000379148444282083	5.84786374327821	6	8	9	
53	7	3	-21953.38182676741	0.0002934121616249286	5.736532575873524	4	5	9	
54	18	2	-21953.43520808554	0.0002781601417733842	5.044342583013266	8	10	
55	8	4	-21953.75685146416	0.0002016540526904358	6.159927143642633	2	3	9	15	
56	11	4	-21953.76341674969	0.0002003344727064575	6.157075876366377	2	3	8	9	
57	10	4	-21953.90966957716	0.00017307681369802	6.093559080434348	2	3	4	9	
58	11	4	-21953.96678057941	0.0001634691853088774	6.068756087299557	1	9	14	15	
59	4	3	-21953.97311769964	0.0001624365368914458	5.479738186805577	3	8	9	
60	10	4	-21954.00638106431	0.0001571222270363583	6.051557815227235	2	3	9	14	
61	10	3	-21954.02023808701	0.0001549599964073272	5.459274062586679	3	9	14	
62	8	4	-21954.03440730134	0.0001527798171944498	6.039386175135523	2	3	9	12	
63	10	4	-21954.11798089258	0.0001405304498692383	6.003090625625329	2	3	9	10	
64	9	4	-21954.13451562149	0.0001382259218549508	5.995909684102584	2	9	13	15	
65	11	3	-21954.15410124329	0.0001355450204846642	5.401138032484381	3	9	15	
66	3	2	-21954.19512135229	0.0001300974429250211	4.714316444540591	5	14	
67	9	4	-21954.23767326279	0.0001246776766397965	5.95110888972114	2	3	6	9	
68	11	4	-21954.23963057822	0.0001244338817680233	5.950258838426799	2	3	7	9	
69	6	4	-21954.26176160735	0.0001217102811118928	5.940647454596438	2	9	14	15	
70	5	2	-21954.2781585926	0.0001197308719485561	4.678253829281197	5	12	
71	8	3	-21954.28144240818	0.000119338342694732	5.345834467251585	3	9	12	
72	3	3	-21954.28700695451	0.0001186761231432936	5.343417815489778	5	9	12	
73	4	4	-21954.31690870949	0.0001151800289507656	5.916697372444507	2	3	9	13	
74	3	4	-21954.33139203901	0.0001135238610010997	5.910407342354445	2	3	9	11	
75	6	4	-21954.3927127464	0.0001067716387541218	5.883776097509652	2	9	10	15	
76	6	4	-21954.40778578955	0.0001051743336029857	5.877229958046248	1	9	13	15	
77	6	3	-21954.44572017488	0.0001012593358883001	5.274489539674276	8	9	10	
78	6	4	-21954.45483109975	0.0001003409596687333	5.856798439427447	2	6	9	15	
79	3	4	-21954.48445985374	9.741159309511743e-05	5.843930835060966	2	9	10	14	
80	5	4	-21954.53835519444	9.230053044709928e-05	5.820524385994108	1	9	10	14	
81	7	4	-21954.5439306231	9.178734736165322e-05	5.818103008093419	1	2	3	9	
82	9	4	-21954.59939102046	8.68353730670528e-05	5.794016863556756	1	8	9	14	
83	9	4	-21954.63053274659	8.417284273056649e-05	5.78049218374035	1	9	13	14	
84	4	4	-21954.63751395816	8.358726072166503e-05	5.777460282080546	1	8	9	15	
85	3	3	-21954.6556267887	8.208688785217607e-05	5.183328255581273	5	8	9	
86	3	4	-21954.6742996978	8.05683091225569e-05	5.761484438343159	2	8	9	15	
87	6	4	-21954.67723509424	8.033215596547341e-05	5.760209611864664	2	7	9	15	
88	2	3	-21954.71400903862	7.743168349436198e-05	5.157973166599432	3	9	10	
89	3	3	-21954.7208081448	7.690700295656314e-05	5.155020352300184	3	9	13	
90	5	4	-21954.72095998418	7.689532633197475e-05	5.741220133443576	2	3	5	9	
91	3	4	-21954.75378237886	7.441240814425017e-05	5.726965548550456	2	6	9	14	
92	7	4	-21954.76240386463	7.377362023330573e-05	5.723221284853483	2	9	11	15	
93	5	3	-21954.7913075367	7.167181300296828e-05	5.124402855422528	3	7	9	
94	3	3	-21954.80305915448	7.083448287866425e-05	5.119299192664982	5	7	9	
95	5	3	-21954.81033621934	7.032088675568417e-05	5.116138803555645	6	9	12	
96	1	4	-21954.81523228519	6.997743253634361e-05	5.70027819331612	1	7	9	14	
97	3	3	-21954.83743185806	6.844107970699666e-05	5.104371317173794	8	9	15	
98	4	3	-21954.85547090286	6.721753695419045e-05	5.096537059558179	8	9	11	
99	6	4	-21954.85979369114	6.692759689960493e-05	5.680925420607793	2	7	9	14	
100	5	4	-21954.88535799372	6.523832410038635e-05	5.669822985061498	1	2	9	14	
101	7	4	-21954.88614364296	6.518708978977131e-05	5.669481781934515	2	9	13	14	
102	4	4	-21954.88723753403	6.511582120145368e-05	5.669006711078609	1	9	12	14	
103	2	4	-21954.89263071383	6.476558516159222e-05	5.666664482850288	1	9	11	14	
104	4	3	-21954.90303376952	6.40953176326688e-05	5.075880769025438	3	9	11	
105	3	3	-21954.9039160246	6.403879415053006e-05	5.075497610510637	3	6	9	
106	3	3	-21954.91407921113	6.339125205973519e-05	5.071083794682496	5	9	15	
107	2	4	-21954.91929417162	6.306152967675333e-05	5.655084690263954	2	9	11	14	
108	2	4	-21954.93653047266	6.198389605564584e-05	5.647599059835963	2	9	10	13	
109	4	3	-21954.94084160134	6.171725068747263e-05	5.059461036291346	3	5	9	
110	5	4	-21954.94236601434	6.16232397820748e-05	5.645064716282078	2	8	9	14	
111	7	4	-21954.94293946688	6.158791190907973e-05	5.644815669008207	2	9	12	15	
112	2	4	-21954.94536958788	6.143842753759343e-05	5.643760280870869	1	9	12	15	
113	4	4	-21954.96376033762	6.031885523399704e-05	5.63577327973861	1	9	10	15	
114	1	4	-21954.97010488301	5.993737097115466e-05	5.633017878687625	1	3	4	9	
115	4	4	-21954.99655795359	5.837263080217857e-05	5.621529456104184	2	6	9	13	
116	1	4	-21955.02138037595	5.694151605475207e-05	5.610749215045127	1	6	9	14	
117	9	4	-21955.07308927294	5.407196313316134e-05	5.588292326418636	1	2	9	10	
118	5	4	-21955.10731795364	5.22524682666028e-05	5.573426999265066	1	7	9	15	
119	1	3	-21955.14403807984	5.036855154715249e-05	4.971213926937368	9	12	15	
120	3	4	-21955.14644768176	5.024732949561283e-05	5.556433174264038	1	3	9	14	
121	2	4	-21955.17960336963	4.860866043543669e-05	5.542033841978381	1	2	9	15	
122	1	4	-21955.1870903034	4.824608957975472e-05	5.538782307955894	2	9	12	14	
123	2	3	-21955.1980364792	4.772085927751452e-05	4.947762720062769	5	9	14	
124	2	4	-21955.2050026449	4.738958306694686e-05	5.531003076887615	1	2	6	9	
125	1	4	-21955.20843866728	4.722703082528033e-05	5.529510831326749	1	8	9	13	
126	1	4	-21955.22527804323	4.643841562736478e-05	5.522197583273568	1	9	11	15	
127	3	4	-21955.22609307971	4.64005820446436e-05	5.521843617428869	2	8	9	13	
128	1	4	-21955.24466610836	4.554673649871914e-05	5.513777453573821	2	7	9	13	
129	1	4	-21955.27497706042	4.418688486351399e-05	5.500613574352506	1	5	9	14	
130	1	4	-21955.2998063414	4.310326470786065e-05	5.489830354631224	1	6	9	15	
131	8	4	-21955.3034064512	4.294836721355971e-05	5.488266846811775	2	6	9	10	
132	3	4	-21955.30342393478	4.294761632873419e-05	5.488259253787682	2	6	7	9	
133	3	4	-21955.30707452307	4.279111809295014e-05	5.48667382344122	2	9	11	13	
134	2	4	-21955.34488235219	4.120348049156587e-05	5.470254091881034	1	2	8	9	
135	1	4	-21955.3517557469	4.092124377981056e-05	5.467269014484144	1	2	7	9	
136	4	4	-21955.35414215555	4.082370539931545e-05	5.466232610377186	2	5	9	10	
137	2	4	-21955.37136972775	4.012643544641456e-05	5.458750770834235	2	4	9	14	
138	1	4	-21955.37439319241	4.000529780665248e-05	5.457437696813734	2	7	9	10	
139	1	3	-21955.38029990833	3.976969438346189e-05	4.868606718538357	7	8	9	
140	3	3	-21955.38749317157	3.948464694260021e-05	4.86548272400715	8	9	13	
141	1	4	-21955.39293510734	3.927035763323422e-05	5.449385045476809	2	9	10	12	
142	1	4	-21955.39305321702	3.926571969770549e-05	5.449333751093938	2	8	9	10	
143	5	4	-21955.40267417063	3.888975748754299e-05	5.445155424030661	2	6	9	11	
144	1	4	-21955.41699452717	3.833681093996262e-05	5.438936172207096	2	4	9	10	
145	2	4	-21955.42398055951	3.806992207157126e-05	5.435902176912166	2	9	10	11	
146	6	4	-21955.42698992828	3.795552785064266e-05	5.434595224662481	2	5	6	9	
147	2	4	-21955.43454097377	3.767000329445007e-05	5.431315847274411	2	5	9	14	
148	3	4	-21955.44020795728	3.745713174627901e-05	5.428854707605267	1	3	8	9	
149	1	3	-21955.44307460312	3.734990917316726e-05	4.841344014987778	5	9	13	
150	3	4	-21955.45905157295	3.675791255028187e-05	5.420671029300091	1	2	9	11	
151	2	4	-21955.46148045042	3.66687404224593e-05	5.419616181216351	2	6	9	12	
152	3	3	-21955.46388744378	3.658058514486494e-05	4.832305113136693	8	9	14	
153	4	4	-21955.46456102185	3.655595356177404e-05	5.418278306046147	2	6	8	9	
154	2	4	-21955.46715630443	3.646120353683004e-05	5.417151189140333	2	4	6	9	
155	2	4	-21955.47666815755	3.611603412711587e-05	5.413020243818882	2	5	7	9	
156	3	4	-21955.49905211206	3.531659514395645e-05	5.40329901589018	2	5	9	15	
157	2	4	-21955.52404486384	3.444487496612641e-05	5.392444801704639	2	9	12	13	
158	4	4	-21955.536848974	3.400665051685769e-05	5.386884047318146	1	9	10	13	
159	1	4	-21955.55255277073	3.347678830298155e-05	5.380063975053719	1	9	12	13	
160	2	4	-21955.57550509463	3.271716907546263e-05	5.370095907435723	2	8	9	11	
161	2	3	-21955.57786405674	3.264008147230567e-05	4.78280569906216	5	9	10	
162	2	4	-21955.63091240934	3.095370414592637e-05	5.346032816399891	1	2	9	12	
163	2	4	-21955.63208232452	3.091751211272423e-05	5.345524728696051	1	7	8	9	
164	1	4	-21955.63487483084	3.083129520111786e-05	5.344311958606439	2	9	11	12	
165	1	4	-21955.64040528247	3.066125484786388e-05	5.341910113983483	1	4	9	10	
166	2	4	-21955.64725083819	3.045207830098254e-05	5.338937126907433	2	7	9	12	
167	2	4	-21955.64726576537	3.045162374083125e-05	5.3389306441171	1	3	9	15	
168	2	4	-21955.65940613266	3.008416489985675e-05	5.333658149593521	2	5	8	9	
169	1	4	-21955.66443536744	2.993324439693488e-05	5.331473980681724	2	7	9	11	
170	2	3	-21955.67198360761	2.970815167486514e-05	4.741930097482721	9	13	15	
171	3	4	-21955.68561319165	2.930598880672409e-05	5.322276568486191	1	4	9	15	
172	1	4	-21955.71204863684	2.854142229892209e-05	5.310795800516615	2	8	9	12	
173	3	4	-21955.71717762268	2.839540851933278e-05	5.308568310266086	1	8	9	11	
174	1	4	-21955.71919010437	2.833832074310376e-05	5.30769430057589	1	6	8	9	
175	3	4	-21955.71933277691	2.833427793122479e-05	5.307632338677743	1	4	8	9	
176	3	4	-21955.72182612562	2.826371869690909e-05	5.306549491092614	1	5	8	9	
177	3	4	-21955.73081637631	2.801075956711827e-05	5.302645074826339	1	8	9	12	
178	2	3	-21955.74452522866	2.762938428131805e-05	4.710425671750096	9	12	13	
179	4	4	-21955.75256593382	2.740811532011179e-05	5.293199362016393	1	2	9	13	
180	1	4	-21955.7617993361	2.715620992710582e-05	5.28918934635494	2	4	9	11	
181	1	4	-21955.77617316376	2.676866318322738e-05	5.282946872318302	2	4	9	12	
182	3	4	-21955.78650472678	2.649352480465797e-05	5.278459931508328	2	5	9	11	
183	1	4	-21955.78991032104	2.640345207131231e-05	5.27698090071375	1	5	7	9	
184	2	4	-21955.79370058326	2.6303565482194e-05	5.275334810746326	1	9	10	12	
185	2	3	-21955.79666096841	2.622581194461722e-05	4.68778340766745	9	12	14	
186	1	4	-21955.79773947562	2.619754246464991e-05	5.273580742084993	1	9	11	13	
187	2	3	-21955.8090142392	2.590383024620803e-05	4.68241845033095	9	11	12	
188	3	2	-21955.81260241065	2.581104941827732e-05	4.01185334630954	8	11	
189	1	2	-21955.81721057592	2.569238146755023e-05	4.009852045561507	5	8	
190	2	4	-21955.87534079927	2.424145741217737e-05	5.239878915435403	1	6	9	13	
191	2	4	-21955.87600414168	2.422538235763969e-05	5.239590829487519	1	4	6	9	
192	2	4	-21955.87739184876	2.419178793790135e-05	5.238988155957968	1	5	9	10	
193	1	4	-21955.91361558005	2.333115292336016e-05	5.223256389344296	1	4	7	9	
194	3	4	-21955.98386173337	2.174846868034837e-05	5.192748872583231	2	5	9	12	
195	5	4	-21955.99737380952	2.145657817970475e-05	5.186880652471567	1	6	9	12	
196	4	4	-21956.01360497249	2.111112410734239e-05	5.179831547959551	1	7	9	10	
197	2	4	-21956.02720124588	2.082603396598014e-05	5.173926761452902	1	4	9	12	
198	3	4	-21956.03481269104	2.066811949156877e-05	5.170621152819657	4	9	13	15	
199	8	4	-21956.04400494884	2.047900334274801e-05	5.166629005979548	3	4	9	15	
200	2	4	-21956.06354458103	2.008273522427571e-05	5.158143051542344	1	3	9	10	
201	4	4	-21956.0643046445	2.006747687030418e-05	5.157812960172656	2	5	9	13	
202	3	4	-21956.07526439906	1.984874307291853e-05	5.153053199242769	1	6	9	10	
203	1	4	-21956.08684243486	1.962025886658257e-05	5.148024922183908	3	4	8	9	
204	1	4	-21956.10553664712	1.925688069962402e-05	5.139906128957436	4	9	14	15	
205	1	4	-21956.1156542371	1.906302978209962e-05	5.135512115458994	1	2	4	9	
206	2	4	-21956.1217017636	1.894809349456495e-05	5.132885708066943	3	4	9	14	
207	3	4	-21956.16944765644	1.806465788618081e-05	5.112149930274617	1	3	7	9	
208	2	4	-21956.19505555653	1.760793277577264e-05	5.101028560572353	1	7	9	11	
209	5	4	-21956.22117593643	1.715396164251663e-05	5.089684623718927	3	4	7	9	
210	1	4	-21956.23095239557	1.698707375291534e-05	5.085438761459861	1	2	5	9	
211	2	4	-21956.25006168651	1.666554469860224e-05	5.077139701849594	1	5	9	11	
212	2	4	-21956.25734333228	1.654463285853237e-05	5.073977323276246	1	6	9	11	
213	1	4	-21956.26829084782	1.636449804653356e-05	5.069222877684892	1	4	9	13	
214	2	4	-21956.29865310392	1.587510214371561e-05	5.056036717403896	1	3	9	11	
215	2	4	-21956.33922231964	1.524395091852541e-05	5.038417730879145	4	9	10	14	
216	1	4	-21956.35472732268	1.500941634154598e-05	5.031683993619817	4	9	10	15	
217	1	4	-21956.35760230439	1.496632651499496e-05	5.030435404927507	1	5	9	13	
218	2	4	-21956.39000485104	1.448915200550606e-05	5.016363157714335	3	4	9	12	
219	2	4	-21956.40718626204	1.424233433949532e-05	5.008901365727342	2	4	5	9	
220	2	4	-21956.47866847151	1.325979615107528e-05	4.977857036601606	4	8	9	15	
221	1	4	-21956.64801589672	1.119412610934748e-05	4.904310384306926	4	7	9	15	
222	3	4	-21956.6700943504	1.094968547962638e-05	4.894721833706513	4	6	9	14	
223	2	4	-21956.71555352377	1.046306628073353e-05	4.874979165557431	4	8	9	14	
224	2	4	-21956.73828975249	1.022785960129127e-05	4.865104946887184	4	7	9	14	
225	1	2	-21956.98605544028	7.983282299683621e-06	3.502229170769827	10	12	
226	1	3	-21957.00386437024	7.842367083350384e-06	4.163501631720544	9	11	15	
227	1	4	-21957.01677935231	7.741734287215498e-06	4.74415845041822	4	6	9	13	
228	1	4	-21957.03254332648	7.62065067477994e-06	4.737312243421694	4	8	9	13	
229	1	3	-21957.03376335641	7.611358922119365e-06	4.150516667009499	7	9	15	
230	1	3	-21957.19188355589	6.498176031802335e-06	4.081845936897309	9	10	14	
231	1	4	-21957.21864273967	6.326596053472642e-06	4.656490295186538	4	7	9	13	
232	2	3	-21957.22984226968	6.256136444833606e-06	4.06536067695798	7	9	14	
233	1	4	-21957.28028860218	5.948365528589598e-06	4.629717837267079	4	6	9	10	
234	1	4	-21957.30160742888	5.822895543251106e-06	4.620459188471878	4	5	9	14	
235	1	3	-21957.32053845005	5.713699046206042e-06	4.025971826295042	2	6	10	
236	1	4	-21957.33091049132	5.654742601751815e-06	4.607733030149038	4	8	9	10	
237	1	4	-21957.35390693686	5.526187442687711e-06	4.597745800749504	4	7	8	9	
238	1	4	-21957.35478089022	5.521359922432532e-06	4.597366247628389	4	5	7	9	
239	1	4	-21957.37996243292	5.384059534771262e-06	4.586430042586383	4	9	10	11	
240	1	4	-21957.46919187275	4.924453037937606e-06	4.547678189243721	4	6	9	12	
241	1	2	-21957.52547946172	4.654924172893063e-06	3.267960294853546	2	5	
242	1	3	-21957.60201264058	4.311959505060116e-06	3.903729138549115	7	9	13	
243	1	2	-21957.60816945272	4.28549313825197e-06	3.232048488050928	5	11	
244	1	3	-21957.61364273618	4.262101492498537e-06	3.898678252206165	6	9	10	
245	1	3	-21957.65389828655	4.093935762107237e-06	3.881195488815419	6	7	9	
246	1	2	-21957.681005596	3.98445080395207e-06	3.200416152942383	1	14	
247	1	4	-21957.77928970356	3.611471761266259e-06	4.413004412474234	4	5	9	12	
248	1	4	-21957.89214476083	3.226055947029139e-06	4.363992083846086	3	9	14	15	
249	1	4	-21957.99470180248	2.911601520399679e-06	4.319452126580519	4	5	9	13	
250	2	5	-21958.04100861318	2.779848611005503e-06	4.811224695196247	2	9	10	13	15	
251	0	1	-21958.0543654852	2.742965399381049e-06	2.274840019737259	14	
252	1	4	-21958.17851684472	2.422713609522012e-06	4.239622268041326	6	7	8	9	
253	1	4	-21958.21119548476	2.34482224698945e-06	4.225430114998966	6	8	9	11	
254	3	3	-21958.25567263021	2.24281652377173e-06	3.619848212012708	4	8	10	
255	1	5	-21958.31129655543	2.121468478639718e-06	4.693840133351899	2	3	9	10	14	
256	1	5	-21958.41004348789	1.921990936813214e-06	4.650954885480825	2	9	11	13	15	
257	4	5	-21958.43777883023	1.869416317936852e-06	4.638909579348542	1	7	9	14	15	
258	2	5	-21958.51832608218	1.724744633111943e-06	4.603928352294354	1	9	12	14	15	
259	1	5	-21958.56537625083	1.645474565204658e-06	4.583494723676843	2	3	5	7	9	
260	1	4	-21958.56615454262	1.644194404083361e-06	4.071273354866218	3	8	9	13	
261	1	5	-21958.59273197587	1.601071523134433e-06	4.57161428324182	1	2	3	4	9	
262	1	3	-21958.67509166527	1.474491843644473e-06	3.437696839479013	7	8	10	
263	1	3	-21958.72274867225	1.405870115907346e-06	3.416999664326541	2	5	14	
264	1	5	-21958.85461646405	1.232184510451498e-06	4.457879295129218	1	9	11	13	15	
265	1	5	-21958.87776152531	1.203993029742008e-06	4.447827522742646	1	8	9	13	14	
266	1	5	-21958.91854058403	1.155882936237798e-06	4.430117402560339	1	2	3	6	9	
267	1	3	-21958.98301202067	1.083712950628291e-06	3.303968728265956	5	10	12	
268	1	5	-21959.18350546821	8.868314074226821e-07	4.315044615462922	1	2	9	13	14	
269	1	5	-21959.25206688814	8.280665071152611e-07	4.28526876911503	1	2	8	9	14	
270	1	5	-21959.25682793394	8.241334148023396e-07	4.283201073199743	2	9	11	13	14	
271	1	4	-21959.40153416782	7.131032311005821e-07	3.708472593348461	7	8	9	15	
272	1	5	-21959.41806583988	7.014113517744645e-07	4.213176340374503	1	7	8	9	14	
273	1	5	-21959.44967074746	6.795899587450854e-07	4.199450503411049	1	7	8	9	15	
274	2	5	-21959.47404717393	6.632242630549634e-07	4.188863955906368	1	2	9	12	15	
275	1	5	-21959.531147678	6.264147451469474e-07	4.164065522075203	1	8	9	11	15	
276	1	4	-21959.56849179146	6.034532486142012e-07	3.63596381869231	1	3	8	10	
277	1	5	-21959.75353412074	5.015113509613599e-07	4.067484317143274	1	3	9	11	14	
278	0	1	-21959.84468585848	4.578192719144617e-07	1.497313760785008	8	
279	1	4	-21959.87131952768	4.457868104333433e-07	3.504447403882725	5	7	9	10	
280	0	1	-21959.9238496082	4.229740178810359e-07	1.46293338111464	12	
281	1	5	-21959.96308207894	4.067010045710468e-07	3.97647879520198	3	4	6	9	15	
282	1	5	-21960.00802811613	3.888261178130169e-07	3.956958979267284	1	7	9	11	15	
283	1	5	-21960.05479360353	3.7106110716405e-07	3.936648986148678	1	3	5	9	14	
284	1	5	-21960.12284365319	3.466503755375245e-07	3.90709522508806	1	2	8	9	11	
285	2	4	-21960.34046849172	2.788549823558027e-07	3.300698597609939	5	9	11	13	
286	0	1	-21960.96957607255	1.486484748461421e-07	1.008780148066412	10	
287	0	0	-21961.27747518305	1.092550632954717e-07	0	
288	1	4	-21961.84586767981	6.18859195008208e-08	2.646912037161411	8	10	13	14	
289	0	1	-21962.1117984322	4.743507479829488e-08	0.512719280161107	11	
290	0	1	-21963.61046991579	1.059826645870372e-08	-0.1381454753479819	7	
291	0	1	-21963.7945951133	8.815973518469088e-09	-0.2181100326056062	1	
292	0	1	-21964.62221790443	3.853348295470471e-09	-0.577542043889207	2	
293	0	1	-21965.46700098066	1.655593212638398e-09	-0.944426672301441	6	
294	0	1	-21965.95420546822	1.017099443680233e-09	-1.156016892808488	4	
295	0	1	-21966.63538615855	5.146718341622355e-10	-1.451849907796939	3	
296	0	1	-21966.96007593958	3.71979855641491e-10	-1.592860888029225	13	
297	0	1	-21967.02882669769	3.472652659890179e-10	-1.62271896290134	15	
