Sweep	Acceptance_rate	log_proposal_std
100	0.42	-0.0270805
200	0.5	0
300	0.46	0.0270805
400	0.58	0.054161
500	0.45	0.0812415
600	0.36	0.054161
700	0.45	0.0812415
800	0.56	0.108322
900	0.42	0.0812415
1000	0.49	0.108322
1100	0.48	0.135403
1200	0.54	0.162483
1300	0.45	0.189564
1400	0.38	0.162483
1500	0.51	0.189564
1600	0.36	0.162483
1700	0.45	0.189564
1800	0.35	0.162483
1900	0.46	0.189564
2000	0.39	0.162483
2100	0.38	0.135403
2200	0.42	0.108322
2300	0.48	0.135403
2400	0.47	0.162483
2500	0.44	0.189564
2600	0.45	0.216644
2700	0.34	0.189564
2800	0.48	0.216644
2900	0.43	0.189564
3000	0.37	0.162483
3100	0.5	0.189564
3200	0.37	0.162483
3300	0.46	0.189564
3400	0.44	0.216644
3500	0.52	0.243725
3600	0.41	0.216644
3700	0.46	0.243725
3800	0.45	0.270805
3900	0.51	0.297886
4000	0.42	0.270805
4100	0.45	0.297886
4200	0.48	0.324966
4300	0.4	0.297886
4400	0.32	0.270805
4500	0.36	0.243725
4600	0.35	0.216644
4700	0.53	0.243725
4800	0.5	0.270805
4900	0.44	0.297886
5000	0.47	0.324966
5100	0.42	0.297886
5200	0.44	0.324966
5300	0.4	0.297886
5400	0.38	0.270805
5500	0.46	0.297886
5600	0.55	0.324966
5700	0.42	0.297886
5800	0.42	0.270805
5900	0.43	0.243725
6000	0.43	0.216644
6100	0.46	0.243725
6200	0.44	0.270805
6300	0.39	0.243725
6400	0.49	0.270805
6500	0.45	0.297886
6600	0.48	0.324966
6700	0.45	0.352047
6800	0.35	0.324966
6900	0.34	0.297886
7000	0.46	0.324966
7100	0.35	0.297886
7200	0.34	0.270805
7300	0.36	0.243725
7400	0.45	0.270805
7500	0.43	0.243725
7600	0.53	0.270805
7700	0.43	0.243725
7800	0.48	0.270805
7900	0.5	0.297886
8000	0.43	0.270805
8100	0.4	0.243725
8200	0.46	0.270805
8300	0.39	0.243725
8400	0.39	0.216644
8500	0.53	0.243725
8600	0.49	0.270805
8700	0.38	0.243725
8800	0.41	0.216644
8900	0.44	0.243725
9000	0.48	0.270805
9100	0.43	0.243725
9200	0.43	0.216644
9300	0.36	0.189564
9400	0.44	0.216644
9500	0.41	0.189564
9600	0.5	0.216644
9700	0.44	0.243725
9800	0.44	0.270805
9900	0.51	0.297886
10000	0.42	0.270805
10100	0.39	0.243725
10200	0.36	0.216644
10300	0.46	0.243725
10400	0.44	0.270805
10500	0.36	0.243725
10600	0.41	0.216644
10700	0.43	0.189564
10800	0.42	0.162483
10900	0.44	0.189564
11000	0.51	0.216644
11100	0.41	0.189564
11200	0.4	0.162483
11300	0.42	0.135403
11400	0.43	0.108322
11500	0.42	0.0812415
11600	0.53	0.108322
11700	0.51	0.135403
11800	0.48	0.162483
11900	0.44	0.189564
12000	0.4	0.162483
12100	0.48	0.189564
12200	0.44	0.216644
12300	0.46	0.243725
12400	0.38	0.216644
12500	0.34	0.189564
12600	0.38	0.162483
12700	0.41	0.135403
12800	0.52	0.162483
12900	0.54	0.189564
13000	0.44	0.216644
13100	0.46	0.243725
13200	0.47	0.270805
13300	0.41	0.243725
13400	0.45	0.270805
13500	0.42	0.243725
13600	0.46	0.270805
13700	0.36	0.243725
13800	0.43	0.216644
13900	0.4	0.189564
14000	0.44	0.216644
14100	0.32	0.189564
14200	0.43	0.162483
14300	0.47	0.189564
14400	0.39	0.162483
14500	0.48	0.189564
14600	0.41	0.162483
14700	0.44	0.189564
14800	0.44	0.216644
14900	0.42	0.189564
15000	0.48	0.216644
15100	0.39	0.189564
15200	0.46	0.216644
15300	0.49	0.243725
15400	0.44	0.270805
15500	0.46	0.297886
15600	0.37	0.270805
15700	0.41	0.243725
15800	0.4	0.216644
15900	0.35	0.189564
16000	0.44	0.216644
16100	0.47	0.243725
16200	0.46	0.270805
16300	0.5	0.297886
16400	0.37	0.270805
16500	0.43	0.243725
16600	0.34	0.216644
16700	0.48	0.243725
16800	0.43	0.216644
16900	0.33	0.189564
17000	0.56	0.216644
17100	0.5	0.243725
17200	0.45	0.270805
17300	0.42	0.243725
17400	0.34	0.216644
17500	0.39	0.189564
17600	0.36	0.162483
17700	0.41	0.135403
17800	0.46	0.162483
17900	0.51	0.189564
18000	0.58	0.216644
18100	0.39	0.189564
18200	0.51	0.216644
18300	0.47	0.243725
18400	0.48	0.270805
18500	0.51	0.297886
18600	0.35	0.270805
18700	0.41	0.243725
18800	0.44	0.270805
18900	0.37	0.243725
19000	0.39	0.216644
19100	0.44	0.243725
19200	0.44	0.270805
19300	0.49	0.297886
19400	0.36	0.270805
19500	0.46	0.297886
19600	0.42	0.270805
19700	0.39	0.243725
19800	0.55	0.270805
19900	0.41	0.243725
20000	0.4	0.216644
20100	0.43	0.189564
20200	0.44	0.216644
20300	0.42	0.189564
20400	0.45	0.216644
20500	0.51	0.243725
20600	0.49	0.270805
20700	0.4	0.243725
20800	0.45	0.270805
20900	0.43	0.243725
21000	0.5	0.270805
21100	0.46	0.297886
21200	0.47	0.324966
21300	0.45	0.352047
21400	0.44	0.379127
21500	0.38	0.352047
21600	0.32	0.324966
21700	0.43	0.297886
21800	0.31	0.270805
21900	0.42	0.243725
22000	0.4	0.216644
22100	0.43	0.189564
22200	0.37	0.162483
22300	0.43	0.135403
22400	0.46	0.162483
22500	0.5	0.189564
22600	0.55	0.216644
22700	0.45	0.243725
22800	0.4	0.216644
22900	0.34	0.189564
23000	0.47	0.216644
23100	0.42	0.189564
23200	0.42	0.162483
23300	0.51	0.189564
23400	0.46	0.216644
23500	0.46	0.243725
23600	0.36	0.216644
23700	0.44	0.243725
23800	0.47	0.270805
23900	0.36	0.243725
24000	0.46	0.270805
24100	0.33	0.243725
24200	0.4	0.216644
24300	0.44	0.243725
24400	0.4	0.216644
24500	0.41	0.189564
24600	0.6	0.216644
24700	0.35	0.189564
24800	0.46	0.216644
24900	0.45	0.243725
25000	0.41	0.216644
25100	0.4	0.189564
25200	0.48	0.216644
25300	0.46	0.243725
25400	0.43	0.216644
25500	0.52	0.243725
25600	0.41	0.216644
25700	0.38	0.189564
25800	0.38	0.162483
25900	0.43	0.135403
26000	0.39	0.108322
26100	0.43	0.0812415
26200	0.59	0.108322
26300	0.39	0.0812415
26400	0.49	0.108322
26500	0.48	0.135403
26600	0.38	0.108322
26700	0.54	0.135403
26800	0.28	0.108322
26900	0.52	0.135403
27000	0.38	0.108322
27100	0.44	0.135403
27200	0.48	0.162483
27300	0.4	0.135403
27400	0.46	0.162483
27500	0.47	0.189564
27600	0.38	0.162483
27700	0.48	0.189564
27800	0.4	0.162483
27900	0.55	0.189564
28000	0.46	0.216644
28100	0.43	0.189564
28200	0.53	0.216644
28300	0.34	0.189564
28400	0.57	0.216644
28500	0.47	0.243725
28600	0.44	0.270805
28700	0.41	0.243725
28800	0.53	0.270805
28900	0.43	0.243725
29000	0.37	0.216644
29100	0.37	0.189564
29200	0.45	0.216644
29300	0.41	0.189564
29400	0.41	0.162483
29500	0.35	0.135403
29600	0.55	0.162483
29700	0.49	0.189564
29800	0.46	0.216644
29900	0.37	0.189564
30000	0.32	0.162483
30100	0.42	0.135403
30200	0.54	0.162483
30300	0.43	0.135403
30400	0.48	0.162483
30500	0.45	0.189564
30600	0.43	0.162483
30700	0.42	0.135403
30800	0.42	0.108322
30900	0.51	0.135403
31000	0.45	0.162483
31100	0.45	0.189564
31200	0.51	0.216644
31300	0.37	0.189564
31400	0.46	0.216644
31500	0.47	0.243725
31600	0.4	0.216644
31700	0.43	0.189564
31800	0.36	0.162483
31900	0.48	0.189564
32000	0.43	0.162483
32100	0.5	0.189564
32200	0.47	0.216644
32300	0.4	0.189564
32400	0.54	0.216644
32500	0.45	0.243725
32600	0.46	0.270805
32700	0.44	0.297886
32800	0.46	0.324966
32900	0.44	0.352047
33000	0.41	0.324966
33100	0.44	0.352047
33200	0.48	0.379127
33300	0.35	0.352047
33400	0.36	0.324966
33500	0.4	0.297886
33600	0.37	0.270805
33700	0.39	0.243725
33800	0.4	0.216644
33900	0.42	0.189564
34000	0.43	0.162483
34100	0.49	0.189564
34200	0.35	0.162483
34300	0.4	0.135403
34400	0.42	0.108322
34500	0.47	0.135403
34600	0.47	0.162483
34700	0.4	0.135403
34800	0.5	0.162483
34900	0.36	0.135403
35000	0.37	0.108322
35100	0.53	0.135403
35200	0.42	0.108322
35300	0.44	0.135403
35400	0.52	0.162483
35500	0.4	0.135403
35600	0.43	0.108322
35700	0.45	0.135403
35800	0.44	0.162483
35900	0.39	0.135403
36000	0.51	0.162483
36100	0.35	0.135403
36200	0.42	0.108322
36300	0.49	0.135403
36400	0.54	0.162483
36500	0.39	0.135403
36600	0.48	0.162483
36700	0.46	0.189564
36800	0.46	0.216644
36900	0.43	0.189564
37000	0.48	0.216644
37100	0.43	0.189564
37200	0.45	0.216644
37300	0.49	0.243725
37400	0.4	0.216644
37500	0.45	0.243725
37600	0.42	0.216644
37700	0.43	0.189564
37800	0.45	0.216644
37900	0.44	0.243725
38000	0.39	0.216644
38100	0.45	0.243725
38200	0.44	0.270805
38300	0.37	0.243725
38400	0.43	0.216644
38500	0.42	0.189564
38600	0.44	0.216644
38700	0.35	0.189564
38800	0.42	0.162483
38900	0.45	0.189564
39000	0.41	0.162483
39100	0.51	0.189564
39200	0.47	0.216644
39300	0.48	0.243725
39400	0.36	0.216644
39500	0.43	0.189564
39600	0.48	0.216644
39700	0.46	0.243725
39800	0.45	0.270805
39900	0.44	0.297886
40000	0.4	0.270805
40100	0.38	0.243725
40200	0.4	0.216644
40300	0.4	0.189564
40400	0.44	0.216644
40500	0.43	0.189564
40600	0.42	0.162483
40700	0.5	0.189564
40800	0.46	0.216644
40900	0.38	0.189564
41000	0.54	0.216644
41100	0.39	0.189564
41200	0.51	0.216644
41300	0.42	0.189564
41400	0.4	0.162483
41500	0.49	0.189564
41600	0.41	0.162483
41700	0.39	0.135403
41800	0.46	0.162483
41900	0.49	0.189564
42000	0.47	0.216644
42100	0.35	0.189564
42200	0.42	0.162483
42300	0.49	0.189564
42400	0.55	0.216644
42500	0.36	0.189564
42600	0.41	0.162483
42700	0.44	0.189564
42800	0.44	0.216644
42900	0.48	0.243725
43000	0.44	0.270805
43100	0.35	0.243725
43200	0.43	0.216644
43300	0.41	0.189564
43400	0.48	0.216644
43500	0.44	0.243725
43600	0.36	0.216644
43700	0.4	0.189564
43800	0.44	0.216644
43900	0.41	0.189564
44000	0.44	0.216644
44100	0.38	0.189564
44200	0.53	0.216644
44300	0.43	0.189564
44400	0.43	0.162483
44500	0.51	0.189564
44600	0.49	0.216644
44700	0.42	0.189564
44800	0.56	0.216644
44900	0.5	0.243725
45000	0.4	0.216644
45100	0.45	0.243725
45200	0.41	0.216644
45300	0.45	0.243725
45400	0.48	0.270805
45500	0.49	0.297886
45600	0.32	0.270805
45700	0.39	0.243725
45800	0.36	0.216644
45900	0.43	0.189564
46000	0.41	0.162483
46100	0.41	0.135403
46200	0.42	0.108322
46300	0.48	0.135403
46400	0.44	0.162483
46500	0.58	0.189564
46600	0.44	0.216644
46700	0.39	0.189564
46800	0.45	0.216644
46900	0.39	0.189564
47000	0.37	0.162483
47100	0.52	0.189564
47200	0.29	0.162483
47300	0.43	0.135403
47400	0.36	0.108322
47500	0.5	0.135403
47600	0.43	0.108322
47700	0.41	0.0812415
47800	0.51	0.108322
47900	0.5	0.135403
48000	0.37	0.108322
48100	0.46	0.135403
48200	0.44	0.162483
48300	0.41	0.135403
48400	0.5	0.162483
48500	0.47	0.189564
48600	0.48	0.216644
48700	0.37	0.189564
48800	0.43	0.162483
48900	0.35	0.135403
49000	0.53	0.162483
49100	0.47	0.189564
49200	0.5	0.216644
49300	0.41	0.189564
49400	0.37	0.162483
49500	0.36	0.135403
49600	0.54	0.162483
49700	0.29	0.135403
49800	0.42	0.108322
49900	0.53	0.135403
50000	0.48	0.162483
50100	0.54	0.189564
50200	0.56	0.216644
50300	0.45	0.243725
50400	0.46	0.270805
50500	0.53	0.297886
50600	0.44	0.324966
50700	0.38	0.297886
50800	0.46	0.324966
50900	0.4	0.297886
51000	0.35	0.270805
51100	0.53	0.297886
51200	0.42	0.270805
51300	0.42	0.243725
51400	0.47	0.270805
51500	0.38	0.243725
51600	0.4	0.216644
51700	0.51	0.243725
51800	0.39	0.216644
51900	0.51	0.243725
52000	0.43	0.216644
52100	0.49	0.243725
52200	0.52	0.270805
52300	0.42	0.243725
52400	0.41	0.216644
52500	0.45	0.243725
52600	0.39	0.216644
52700	0.46	0.243725
52800	0.47	0.270805
52900	0.5	0.297886
53000	0.48	0.324966
53100	0.46	0.352047
53200	0.45	0.379127
53300	0.34	0.352047
53400	0.38	0.324966
53500	0.46	0.352047
53600	0.26	0.324966
53700	0.3	0.297886
53800	0.41	0.270805
53900	0.35	0.243725
54000	0.47	0.270805
54100	0.4	0.243725
54200	0.37	0.216644
54300	0.44	0.243725
54400	0.49	0.270805
54500	0.39	0.243725
54600	0.47	0.270805
54700	0.51	0.297886
54800	0.37	0.270805
54900	0.45	0.297886
55000	0.46	0.324966
