Sweep	n_0->1	n_1->0
1000	1	1
2000	0	0
3000	0	1
4000	1	0
5000	0	1
6000	0	0
7000	0	0
8000	1	0
9000	0	1
10000	0	1
11000	0	1
12000	1	1
13000	0	0
14000	0	0
15000	0	0
16000	0	0
17000	0	0
18000	0	1
19000	0	0
20000	0	0
21000	1	0
22000	0	0
23000	0	1
24000	0	0
25000	0	0
26000	0	0
27000	0	0
28000	1	0
29000	1	0
30000	0	1
31000	0	1
32000	1	0
33000	0	0
34000	0	0
35000	0	1
36000	0	2
37000	0	0
38000	0	0
39000	0	0
40000	0	0
41000	0	1
42000	1	1
43000	0	0
44000	0	0
45000	0	0
46000	0	0
47000	0	0
48000	0	0
49000	1	1
50000	0	0
51000	0	0
52000	0	1
53000	1	0
54000	1	0
55000	1	0
