Rank	#Visits	Model_size	log_Post_Prob	Model_Post_Prob	Jeffreys_scale	Model
1	22056	2	-21929.36995198148	0.4476125527258793	16.69643014374705	4	10	
2	12209	2	-21929.97017392125	0.2456004628363034	16.43575706738427	3	10	
3	9994	2	-21930.18804504641	0.1975190342465788	16.34113683996363	5	10	
4	1382	2	-21932.13367089293	0.02822502819882281	15.49616227097096	10	13	
5	329	2	-21933.65336263662	0.006175052382165903	14.83616853249339	2	10	
6	165	3	-21934.29335887637	0.003256070582783805	15.31884860252809	3	4	10	
7	164	3	-21934.37905523561	0.002988658924121998	15.28163114659193	4	6	10	
8	125	3	-21934.42933495139	0.002842105215542689	15.25979494347598	3	6	10	
9	150	3	-21934.55853931764	0.002497626009188515	15.2036822001771	3	5	10	
10	128	3	-21934.63330157141	0.002317707221972703	15.17121336591127	4	8	10	
11	117	3	-21934.70843116836	0.002149959132185831	15.13858499652537	3	10	13	
12	112	3	-21934.73385273224	0.002095992671013863	15.12754455161342	4	10	14	
13	110	3	-21934.73861720128	0.002086030130765912	15.12547536899765	4	10	13	
14	130	3	-21934.74680880321	0.002069012000373895	15.12191780148472	4	10	16	
15	114	3	-21934.75226407856	0.002057755701223259	15.11954860550139	4	9	10	
16	99	3	-21934.76135560979	0.002039132336732398	15.11560020365681	3	8	10	
17	107	3	-21934.76272416607	0.002036343578094844	15.11500584721747	4	10	17	
18	107	3	-21934.76875311273	0.002024103505727979	15.1123875089513	2	4	10	
19	104	3	-21934.77228854837	0.002016960053088246	15.11085208875834	4	10	11	
20	118	3	-21934.7971743821	0.001967385728213349	15.10004430849225	4	10	15	
21	92	3	-21934.80072077689	0.001960420958927772	15.09850412880442	4	5	10	
22	118	3	-21934.81306481372	0.001936370197545386	15.09314318172485	1	4	10	
23	91	3	-21934.82785091166	0.001907949471775031	15.0867216609816	4	10	12	
24	111	3	-21934.8278691629	0.001907914649646661	15.08671373456823	4	10	18	
25	102	3	-21934.83927993894	0.001886267602556103	15.081758097499	4	7	10	
26	69	3	-21934.86554595138	0.001837367885842352	15.07035091323672	1	3	10	
27	96	3	-21935.08481094656	0.001475606446519861	14.97512533575418	3	10	11	
28	63	3	-21935.20993194647	0.001302060559744996	14.92078597592305	3	10	12	
29	60	3	-21935.22401485386	0.001283852275197199	14.91466984695608	3	7	10	
30	87	3	-21935.23397536383	0.001271127927504719	14.91034405243861	5	6	10	
31	71	3	-21935.28161716615	0.001211989029312384	14.88965348058115	3	10	14	
32	62	3	-21935.2996724842	0.001190302549206968	14.88181215558586	2	3	10	
33	55	3	-21935.30050933284	0.001189306862808893	14.8814487168371	3	9	10	
34	46	3	-21935.3595255383	0.001121149461287508	14.85581830446393	3	10	15	
35	67	3	-21935.36588496961	0.001114042211282442	14.85305643853614	3	10	16	
36	56	3	-21935.3680548383	0.001111627506719682	14.85211407654054	3	10	17	
37	63	3	-21935.43455392651	0.001040109582647738	14.82323388948068	3	10	18	
38	30	3	-21935.51868549051	0.0009561834524488488	14.78669601547882	5	8	10	
39	55	3	-21935.53897483267	0.0009369786048903573	14.77788446613762	5	10	17	
40	40	3	-21935.56246537405	0.0009152249728011022	14.7676826536386	5	10	14	
41	32	3	-21935.56588546328	0.0009121001683332265	14.76619732776014	5	10	16	
42	36	3	-21935.5824031739	0.0008971581057496161	14.75902377718219	5	9	10	
43	62	3	-21935.60178878798	0.0008799336378031107	14.75060471196073	1	5	10	
44	53	3	-21935.6099360279	0.0008727937321005406	14.74706641062165	5	10	13	
45	56	3	-21935.6100732587	0.0008726739661334816	14.747006812041	2	5	10	
46	32	3	-21935.62064229421	0.0008634992135459377	14.74241673824061	5	10	15	
47	39	3	-21935.62667975512	0.0008583015768513559	14.739794702283	5	10	11	
48	43	3	-21935.64437370798	0.0008432483970640589	14.73211031619083	5	10	18	
49	33	3	-21935.66290428612	0.0008277664049000244	14.72406258835749	5	10	12	
50	45	3	-21935.66554764176	0.0008255812133015927	14.72291459359191	5	7	10	
51	16	3	-21936.41800218428	0.0003890209105262112	14.3961277378915	6	10	13	
52	16	3	-21936.61029434163	0.000320967842631547	14.31261631504288	2	10	13	
53	10	3	-21937.10979936082	0.0001947732224874803	14.09568404152248	8	10	13	
54	8	3	-21937.12938124417	0.000190996296317564	14.08717973764031	2	6	10	
55	10	3	-21937.24018747878	0.0001709631100015905	14.03905720139019	10	13	17	
56	2	3	-21937.39368279937	0.0001466358762651406	13.97239503065758	7	10	13	
57	4	3	-21937.41588792021	0.0001434156935002384	13.96275146920826	1	10	13	
58	7	3	-21937.51101345193	0.0001304019794349054	13.92143897569435	10	13	16	
59	8	2	-21937.51500299575	0.0001298827714134549	13.15907943342696	6	10	
60	3	3	-21937.52289887217	0.0001288612712279176	13.916277203267	10	13	14	
61	4	3	-21937.54232024699	0.0001263827541895051	13.90784260735248	9	10	13	
62	9	3	-21937.57023386876	0.0001229037356869968	13.89571987544841	10	13	15	
63	6	3	-21937.59140236105	0.0001203293925184548	13.88652651605797	10	13	18	
64	14	3	-21937.60401616408	0.0001188211138248113	13.88104841100226	10	11	13	
65	4	3	-21937.6064825531	0.0001185284158373472	13.87997727186464	10	12	13	
66	4	2	-21937.62685231974	0.0001161384438900915	13.11050388921582	1	10	
67	5	3	-21938.38861595269	5.4218345461699e-05	13.54030105230778	2	10	11	
68	1	3	-21938.44777556256	5.110384395031678e-05	13.5146083601892	2	7	10	
69	1	3	-21938.46776500682	5.009244880108036e-05	13.50592705485102	2	8	10	
70	1	3	-21938.61711334826	4.314307563767709e-05	13.44106589428158	1	2	10	
71	2	4	-21939.01626899639	2.894409713564789e-05	13.95503387995206	1	3	5	10	
72	1	3	-21939.02972200227	2.855731952073379e-05	13.26187223266148	2	10	14	
73	2	3	-21939.05131191952	2.79473773482279e-05	13.25249585073628	2	10	16	
74	3	4	-21939.05887985871	2.773667160555815e-05	13.93652821757513	1	3	4	10	
75	3	3	-21939.08792731971	2.694258071504439e-05	13.23659398447973	2	10	15	
76	2	4	-21939.11586740036	2.620022191204377e-05	13.91177884269873	3	4	6	10	
77	1	3	-21939.11828396757	2.61369837552483e-05	13.22341025982283	2	10	18	
78	0	1	-21939.14028131718	2.556831689828883e-05	11.60937460424955	6	
79	1	4	-21939.30479438652	2.16897737670481e-05	13.82972889512667	1	3	8	10	
80	1	4	-21939.3657438982	2.040727352845919e-05	13.80325885852912	3	6	10	13	
81	1	4	-21939.3782929579	2.015278159174729e-05	13.79780887115063	3	5	6	10	
82	2	4	-21939.45016158062	1.875524975945157e-05	13.76659672488012	3	4	9	10	
83	2	4	-21939.46341801825	1.850826266229714e-05	13.76083952716814	2	3	5	10	
84	1	4	-21939.46379354931	1.850131353967237e-05	13.76067643610063	3	6	7	10	
85	2	4	-21939.47298121508	1.833210814623144e-05	13.75668628355761	2	3	4	10	
86	1	4	-21939.50747887495	1.771047736662224e-05	13.74170414023517	3	4	10	15	
87	3	4	-21939.51119378657	1.764480656463223e-05	13.74009077461877	3	4	10	16	
88	3	3	-21939.51966890764	1.749589659904244e-05	13.04909099523339	1	6	10	
89	1	4	-21939.5225291368	1.744592582334049e-05	13.73516789456139	3	4	10	13	
90	3	4	-21939.54556056549	1.704871297472169e-05	13.72516547217135	2	3	6	10	
91	1	4	-21939.54842275258	1.699998613451147e-05	13.72392244011291	3	8	10	13	
92	1	4	-21939.55386102242	1.690778655297024e-05	13.72156062953032	3	5	8	10	
93	2	4	-21939.56914127799	1.665139510547666e-05	13.7149244988568	3	6	10	14	
94	3	4	-21939.58295039643	1.64230343771615e-05	13.70892727491446	3	4	7	10	
95	1	4	-21939.58510443876	1.638769653919743e-05	13.70799178621698	4	6	9	10	
96	3	4	-21939.61912142618	1.583961142504925e-05	13.69321839629037	4	6	10	13	
97	1	4	-21939.62101251269	1.580968565468736e-05	13.69239710785699	2	4	6	10	
98	7	4	-21939.64376260201	1.54540743261351e-05	13.68251686959946	4	6	7	10	
99	3	4	-21939.64716585194	1.540156964281051e-05	13.68103885693679	1	4	6	10	
100	1	4	-21939.6764525592	1.495704942008316e-05	13.66831980157736	3	6	10	11	
101	1	4	-21939.68244723814	1.48676549243234e-05	13.66571634559424	4	6	10	18	
102	2	4	-21939.68443269785	1.483816507970168e-05	13.66485407140037	4	6	10	15	
103	1	4	-21939.69262532549	1.471709812374908e-05	13.66129605842412	3	6	10	16	
104	1	4	-21939.70601415079	1.45213666988718e-05	13.65548136547701	3	5	9	10	
105	1	4	-21939.71797225788	1.434875276561089e-05	13.65028802555209	2	3	10	13	
106	1	4	-21939.7375056219	1.40711930176141e-05	13.64180479334424	3	6	10	18	
107	1	4	-21939.76151599474	1.373736216615331e-05	13.63137722091171	3	5	10	11	
108	1	4	-21939.7623139531	1.372640469564368e-05	13.63103067200206	3	5	10	15	
109	2	4	-21939.80162085335	1.319732856501283e-05	13.61395990212146	3	10	13	14	
110	1	4	-21939.83647890833	1.274522093475773e-05	13.59882124119383	4	8	10	16	
111	1	4	-21939.85589603272	1.250013255059004e-05	13.59038849121555	3	5	7	10	
112	1	4	-21939.87089091295	1.231409286743611e-05	13.58387629747723	2	4	8	10	
113	1	4	-21939.8944843402	1.202696173611982e-05	13.57362980221355	3	10	13	17	
114	2	4	-21939.91124303591	1.182708505817864e-05	13.56635159313945	1	3	7	10	
115	1	4	-21939.9191631201	1.173378351459285e-05	13.56291194428105	4	8	10	18	
116	2	4	-21939.92966683945	1.161118016847056e-05	13.55835023692955	4	8	10	15	
117	1	4	-21939.9329327719	1.157332069522945e-05	13.55693186048679	3	10	13	16	
118	1	4	-21939.93679540755	1.152870339980702e-05	13.55525433913959	4	8	10	11	
119	3	4	-21939.937081089	1.152541033346879e-05	13.55513026926074	2	4	10	14	
120	1	4	-21939.93874143562	1.150629003496113e-05	13.55440918988675	4	10	14	16	
121	7	4	-21939.94623592825	1.142037856265116e-05	13.55115437309246	3	7	10	13	
122	3	4	-21939.9563890624	1.130501258117532e-05	13.54674492295405	2	4	9	10	
123	1	4	-21939.95746806913	1.129282097517532e-05	13.54627631628768	4	9	10	16	
124	1	4	-21939.98102224259	1.10299360830981e-05	13.53604686872581	2	4	10	16	
125	3	4	-21940.0040287961	1.077907209147303e-05	13.52605524949011	4	10	15	16	
126	2	4	-21940.00786795327	1.073776887508036e-05	13.52438792471652	4	9	10	17	
127	1	4	-21940.00935187935	1.072184663639825e-05	13.52374346380673	4	5	10	16	
128	2	4	-21940.01493113237	1.066219330648002e-05	13.52132042500929	1	3	10	14	
129	2	4	-21940.02623511983	1.054234665573659e-05	13.51641116563211	4	10	14	15	
130	1	4	-21940.02789632613	1.052484818131929e-05	13.51568971290074	4	10	13	18	
131	1	4	-21940.03303516965	1.047090136428274e-05	13.51345794151646	1	4	10	17	
132	1	4	-21940.03722970387	1.042707279471181e-05	13.51163627845214	1	3	9	10	
133	4	4	-21940.03741230444	1.042516897911879e-05	13.51155697603297	1	4	5	10	
134	1	4	-21940.04159638271	1.03816403830988e-05	13.50973985392585	4	10	11	14	
135	2	4	-21940.04314601135	1.036556515436915e-05	13.50906685875866	4	7	10	13	
136	1	4	-21940.04453745414	1.035115209333705e-05	13.50846256283584	4	10	12	13	
137	1	4	-21940.05505829477	1.024282014266061e-05	13.50389341980472	3	8	9	10	
138	1	4	-21940.05812180895	1.021148913386033e-05	13.50256295249904	4	7	10	11	
139	1	4	-21940.05821406246	1.021054713158781e-05	13.5025228873083	4	9	10	11	
140	1	4	-21940.05905065357	1.020200865078356e-05	13.50215956040765	3	8	10	17	
141	1	4	-21940.06100772549	1.018206211086553e-05	13.50130961487069	4	10	12	17	
142	1	4	-21940.06485841801	1.014292951261976e-05	13.49963728035804	2	4	5	10	
143	1	4	-21940.06537567418	1.013768437641737e-05	13.49941263885825	1	3	10	16	
144	1	4	-21940.06563195547	1.01350866105398e-05	13.49930133731069	3	8	10	14	
145	2	4	-21940.07109993296	1.007981942257998e-05	13.49692662485593	4	7	10	17	
146	6	4	-21940.08533533091	9.937345673109209e-06	13.49074427008015	4	10	15	18	
147	1	4	-21940.08960229344	9.895033727424664e-06	13.48889115179928	4	5	10	18	
148	1	4	-21940.09804926553	9.811802673748101e-06	13.4852226784304	4	5	10	12	
149	1	4	-21940.09918530499	9.800662407896214e-06	13.48472930276482	1	4	10	12	
150	1	4	-21940.10794171643	9.715218412733338e-06	13.48092644159194	4	5	7	10	
151	1	4	-21940.1276163404	9.525943208492538e-06	13.47238186097106	4	7	10	18	
152	1	4	-21940.30301924039	7.993398716665373e-06	13.39620534939425	3	10	11	16	
153	3	4	-21940.38970486545	7.329669422041827e-06	13.35855826076977	3	10	11	15	
154	1	4	-21940.3918087848	7.314264599684847e-06	13.35764454020776	3	7	10	11	
155	1	4	-21940.39182625408	7.314136825867874e-06	13.35763695339604	3	10	11	12	
156	1	4	-21940.39218179419	7.311536819041009e-06	13.35748254428544	3	10	11	14	
157	2	4	-21940.44647087291	6.925182517933576e-06	13.3339050969689	3	7	10	16	
158	2	4	-21940.47385697584	6.738102150191051e-06	13.32201146358833	5	6	10	16	
159	1	4	-21940.48245922574	6.680387903715028e-06	13.31827555392405	2	3	9	10	
160	1	4	-21940.50559660537	6.527595655073362e-06	13.30822711762483	3	10	14	16	
161	1	4	-21940.58989216475	5.999901883079863e-06	13.2716180213388	3	9	10	14	
162	1	4	-21940.59425123391	5.973804816577338e-06	13.26972490165468	3	9	10	18	
163	1	4	-21940.61003352754	5.88026455635635e-06	13.26287073861748	5	8	10	12	
164	2	4	-21940.62108718321	5.815624051819961e-06	13.25807019695617	3	10	15	17	
165	1	4	-21940.72350317395	5.249496184120244e-06	13.21359149731946	5	8	10	16	
166	1	4	-21940.76608358069	5.03066257623671e-06	13.19509906163748	1	5	8	10	
167	1	4	-21940.76853954207	5.018322622618447e-06	13.19403245115869	5	10	14	16	
168	1	4	-21940.76990035525	5.011498267453485e-06	13.19344145750476	5	10	13	17	
169	1	4	-21940.78882293	4.917559402490618e-06	13.18522348770944	5	9	10	16	
170	2	4	-21940.82294881449	4.752574477740852e-06	13.17040280438572	5	8	10	15	
171	1	4	-21940.83520310798	4.694690423684856e-06	13.16508083234119	5	10	17	18	
172	1	4	-21940.83705801662	4.685990273368575e-06	13.16427525575683	5	7	10	17	
173	2	4	-21940.85559416365	4.599930144366193e-06	13.15622510938503	5	10	14	15	
174	1	4	-21940.86539656674	4.555060051565975e-06	13.15196797981429	5	10	11	14	
175	1	4	-21940.87098250117	4.529686717650068e-06	13.14954203931419	5	10	12	16	
176	1	4	-21940.88532371258	4.465189115127915e-06	13.14331373033568	1	5	10	18	
177	1	4	-21940.90778887741	4.365996269185782e-06	13.13355723321437	1	5	10	12	
178	1	4	-21940.92639227057	4.285524766366499e-06	13.12547788221853	5	10	12	15	
179	1	4	-21941.45656404053	2.522047925886782e-06	12.89522720806466	1	2	10	13	
180	2	4	-21941.64548305908	2.087886315508922e-06	12.8131807207833	6	9	10	13	
181	1	4	-21941.91850099272	1.58904671847647e-06	12.69461053874304	2	10	12	13	
182	1	4	-21942.27561912456	1.111839839760688e-06	12.53951610469722	1	8	10	13	
183	0	1	-21942.49881083293	8.894290384933717e-07	10.15078376825171	10	
184	1	4	-21942.51186906075	8.778901740056482e-07	12.43691406106079	10	13	14	17	
185	1	5	-21944.21895695313	1.592433613919641e-07	12.31690035579888	2	3	6	10	13	
186	1	5	-21944.6908720419	9.933704054868855e-08	12.11195023681664	1	2	4	10	15	
187	1	5	-21945.11855833551	6.476933230872043e-08	11.92620843951641	4	7	10	16	18	
188	1	5	-21946.01789846056	2.635062778198554e-08	11.53562998585538	2	5	7	10	13	
189	0	1	-21952.72285143571	3.227504733271939e-11	5.71053935170899	11	
190	0	1	-21955.88249728885	1.369777818120834e-12	4.338322592920867	8	
191	0	1	-21957.53535449575	2.623151444176717e-13	3.620495828590141	12	
192	0	1	-21960.21720980633	1.79518165726352e-14	2.455780865940548	4	
193	0	1	-21960.63985774813	1.176399234329403e-14	2.272227197029316	5	
194	0	1	-21961.11989724981	7.279075542032343e-15	2.063748690357643	3	
195	0	1	-21962.21243134916	2.441151291505883e-15	1.589267159716075	13	
196	0	1	-21963.69161394244	5.561524539993474e-16	0.9468663217269199	2	
197	0	0	-21963.70489330022	5.488159265837219e-16	0	
198	0	1	-21963.92118952602	4.420693945192673e-16	0.847162912599857	15	
199	0	1	-21964.83733081111	1.768541861225629e-16	0.4492878078423466	1	
200	0	1	-21965.21454909719	1.212806522288743e-16	0.2854639877227044	9	
201	0	1	-21965.62627569945	8.034908444220521e-17	0.1066533963090333	14	
202	0	1	-21966.37061506919	3.816967406793981e-17	-0.2166090846305803	17	
203	0	1	-21966.76047112237	2.584676051622743e-17	-0.3859214172639188	18	
204	0	1	-21966.85011298252	2.363062202619669e-17	-0.4248523824736608	16	
205	0	1	-21969.28606518729	2.068019135324585e-18	-1.482772983185648	7	
