Sweep	Chain_l	Chain_r
1	1	2
2	2	3
3	1	3
4	2	1
5	2	1
6	3	1
7	3	1
8	3	2
9	1	3
10	2	3
12	2	3
16	2	1
17	2	3
18	3	1
21	2	3
23	3	2
25	2	1
26	1	2
27	1	2
28	2	3
29	1	2
30	2	1
37	2	1
38	2	1
39	2	1
40	3	2
42	3	2
44	2	1
45	2	3
46	3	1
47	3	1
49	3	1
50	3	2
53	2	1
54	2	1
55	1	2
56	3	2
57	2	3
59	2	3
60	1	3
61	3	1
62	1	2
63	1	3
64	3	2
65	1	3
66	1	2
67	1	2
68	3	2
73	2	3
74	1	3
75	1	2
77	2	1
79	2	3
81	2	1
83	2	1
84	2	1
85	2	1
86	1	2
87	2	3
90	3	2
91	3	2
92	2	3
95	3	2
96	2	3
97	1	2
98	2	1
100	2	1
101	2	1
102	2	1
103	1	2
104	1	2
105	3	2
106	1	2
107	1	2
108	2	3
109	3	2
110	1	2
115	1	2
118	2	1
119	2	1
122	2	1
124	2	3
125	3	2
126	3	1
127	1	3
132	1	2
135	3	2
136	3	2
137	2	3
138	1	2
139	1	2
140	2	1
141	1	2
142	2	1
144	2	1
145	1	2
147	2	3
148	1	2
152	2	3
153	3	2
154	2	1
155	3	1
156	2	1
157	3	1
158	2	3
161	3	2
162	3	2
163	1	2
166	2	1
168	2	3
170	1	2
173	2	1
174	1	2
175	2	1
178	1	2
180	3	2
184	2	1
185	1	3
188	2	1
189	2	3
190	1	2
191	1	2
192	3	2
194	1	2
197	1	2
202	3	2
204	3	2
205	2	3
206	1	3
207	3	2
208	1	2
209	1	2
210	2	1
217	1	2
218	1	2
223	2	1
226	2	1
229	2	3
231	2	3
232	3	2
233	3	2
234	3	1
235	3	1
236	3	2
237	3	2
238	3	2
240	2	3
241	2	3
243	2	3
247	2	1
249	1	2
251	2	1
253	1	2
256	3	2
257	1	2
258	3	2
259	2	1
260	2	3
261	1	2
263	2	3
265	3	2
266	3	2
267	3	2
268	1	3
269	2	1
270	2	1
273	2	3
274	1	2
275	1	2
276	3	2
277	3	2
278	2	1
280	2	3
281	3	2
282	2	3
284	2	3
285	1	2
287	1	2
291	1	2
292	2	1
293	2	1
294	2	3
297	2	1
298	1	2
299	1	2
300	1	3
301	1	2
302	3	2
309	1	2
310	1	2
312	1	2
313	2	1
314	2	1
315	1	2
316	1	2
318	1	2
319	1	2
320	2	1
323	2	3
325	3	2
338	3	2
341	2	1
342	1	3
343	2	1
348	1	2
349	1	2
351	1	2
353	1	2
361	3	2
362	2	3
363	3	2
364	3	2
365	1	3
366	2	1
368	1	2
369	3	1
371	1	2
372	2	3
373	1	3
375	3	1
376	1	3
377	3	2
378	1	3
380	1	2
381	2	1
382	3	2
383	2	1
384	1	2
385	2	1
388	2	1
392	1	2
396	2	3
397	2	1
398	1	2
400	2	1
401	1	2
403	1	2
404	2	3
408	3	2
411	3	2
413	1	2
417	2	1
418	1	3
422	2	1
423	1	2
424	2	1
425	2	1
426	3	2
430	2	3
434	3	2
435	2	3
436	1	2
438	2	1
439	2	1
441	3	2
442	2	3
443	3	2
444	3	2
448	2	3
450	2	3
453	1	3
454	1	3
456	3	2
457	1	2
458	3	2
459	3	2
460	1	3
461	1	3
463	3	2
464	2	1
466	2	1
468	2	1
470	2	1
474	2	1
475	1	2
478	1	2
482	1	2
485	2	3
486	2	3
489	1	2
490	2	1
493	1	2
494	3	1
495	1	2
497	3	1
498	3	2
505	3	1
506	3	2
508	1	2
509	3	2
510	2	3
511	3	2
512	3	2
513	2	1
515	1	2
516	1	2
518	2	3
519	3	2
521	3	2
523	1	2
525	2	1
528	3	2
529	1	2
530	2	3
533	2	1
534	1	2
535	1	2
536	1	3
537	2	1
538	3	2
539	3	1
540	2	3
545	2	1
548	1	3
549	1	2
550	3	1
551	3	1
552	3	1
553	1	3
554	3	2
555	1	3
556	3	2
557	3	1
558	3	2
559	3	2
560	3	1
561	1	3
562	3	2
563	1	2
564	1	2
565	1	2
570	1	2
572	2	1
574	2	3
575	3	2
576	2	3
577	2	1
579	2	3
580	1	2
581	1	2
582	2	1
583	2	1
584	2	1
586	2	1
587	2	1
589	2	1
592	1	3
593	3	1
594	2	1
595	2	3
596	2	1
597	1	2
598	1	2
599	2	3
603	2	3
604	2	1
605	1	3
606	1	3
608	1	3
609	3	2
611	2	1
614	2	3
616	2	3
617	1	2
623	3	2
624	3	2
630	1	2
631	2	1
632	2	1
633	1	2
634	2	3
635	1	3
637	3	2
639	3	2
643	3	2
645	2	3
646	2	1
648	1	2
650	3	2
651	2	3
652	1	3
655	2	3
656	3	2
660	2	3
664	1	2
665	1	2
668	2	3
669	2	3
671	1	2
673	2	1
674	2	1
675	3	2
679	2	1
680	3	2
681	2	3
682	2	1
683	2	1
686	2	1
688	1	2
689	2	3
690	2	3
692	2	1
693	2	1
695	2	1
696	2	1
697	1	2
698	1	2
699	1	2
700	3	2
701	2	3
703	2	1
704	3	1
705	3	2
706	3	2
707	2	1
708	1	2
709	1	3
713	2	3
715	2	1
717	1	2
720	2	3
721	2	3
724	1	2
725	1	2
727	2	1
728	3	2
730	1	2
732	2	1
735	1	2
737	2	1
740	1	2
743	1	2
744	2	1
745	2	3
746	2	1
747	3	2
748	2	3
749	3	2
750	3	2
754	1	2
756	1	2
757	1	2
758	2	3
760	2	3
761	3	1
762	2	3
763	3	1
765	1	2
776	2	3
781	3	2
784	2	1
786	3	2
788	3	2
790	3	2
793	2	1
795	2	1
796	3	1
797	1	3
798	1	3
799	3	1
800	3	2
801	2	1
803	2	1
804	1	2
805	2	3
806	2	1
808	1	3
809	2	3
810	1	2
812	3	1
813	3	1
817	3	2
818	2	1
819	1	2
820	1	2
821	3	2
822	2	3
823	3	1
824	3	1
825	3	2
826	1	2
831	2	1
832	2	1
834	2	3
837	1	3
838	2	1
839	2	1
842	3	2
848	1	2
849	3	2
850	2	3
851	3	2
852	3	2
853	3	1
854	1	3
855	2	1
856	2	1
857	1	2
859	1	2
861	3	2
862	2	3
867	1	2
869	1	2
875	2	1
876	2	1
880	2	1
883	1	2
884	1	2
888	3	2
889	1	2
890	1	2
891	2	3
892	1	2
894	2	3
895	3	2
896	2	1
898	1	2
900	1	3
903	1	2
905	3	2
906	3	2
909	2	3
910	1	3
911	3	2
912	3	2
913	3	1
915	1	2
917	1	2
918	1	2
921	2	3
922	3	1
927	2	3
928	1	2
929	3	2
930	3	1
932	2	3
934	2	1
935	1	2
936	1	2
941	2	1
942	2	1
943	1	3
944	2	3
948	3	2
954	2	1
955	1	3
956	3	1
957	3	2
958	2	3
959	1	3
960	3	2
961	3	1
962	2	3
963	1	2
964	1	2
965	1	2
970	2	3
973	2	3
974	1	2
975	2	1
978	2	1
983	3	2
985	1	3
986	3	1
987	3	2
988	1	3
989	2	1
990	1	3
991	2	3
992	2	3
994	3	2
996	3	2
997	1	3
998	3	1
1000	2	1
1003	1	2
1008	2	1
1009	1	2
1010	3	2
1011	3	2
1012	3	2
1013	3	2
1015	1	2
1016	1	2
1018	1	2
1028	1	2
1030	1	2
1031	2	3
1037	2	1
1041	2	1
1043	1	2
1044	1	2
1045	2	3
1047	3	2
1048	2	3
1049	3	2
1050	3	1
1051	2	1
1053	3	2
1054	2	1
1055	2	3
1058	1	2
1059	1	2
1061	2	1
1062	3	2
1065	3	2
1066	2	3
1067	1	2
1068	1	2
1070	2	1
1071	3	2
1072	3	2
1080	3	2
1082	3	2
1087	1	2
1088	1	2
1089	3	2
1090	1	2
1091	2	3
1096	1	2
1097	2	1
1101	2	1
1102	1	2
1103	3	1
1104	2	3
1105	1	2
1108	1	2
1111	2	1
1113	2	3
1114	2	3
1119	1	3
1122	3	2
1123	3	2
1124	2	3
1125	2	3
1126	2	3
1129	1	2
1130	2	1
1131	2	1
1132	1	2
1135	3	2
1136	3	1
1137	3	2
1139	3	2
1147	2	1
1149	1	2
1151	2	1
1158	2	3
1159	2	3
1162	2	3
1163	1	2
1164	1	2
1165	1	2
1166	2	1
1167	1	2
1168	2	1
1170	2	3
1172	2	1
1174	3	2
1175	1	2
1176	1	3
1177	3	2
1181	2	3
1182	2	3
1183	2	1
1184	2	1
1185	2	1
1186	2	3
1188	1	2
1189	1	2
1192	1	2
1193	1	2
1199	2	3
1201	1	2
1203	2	1
1205	2	3
1206	2	3
1209	2	3
1212	3	2
1215	1	3
1216	2	3
1217	2	3
1218	1	3
1220	3	1
1221	3	2
1222	3	2
1223	1	3
1224	3	2
1225	1	2
1226	2	1
1227	1	2
1228	2	1
1229	3	2
1233	2	3
1234	3	2
1236	3	2
1237	2	3
1238	3	2
1242	1	2
1244	1	2
1246	2	1
1248	2	1
1249	1	2
1251	3	2
1253	3	2
1254	1	2
1255	1	2
1257	1	2
1258	1	2
1259	2	1
1263	2	3
1264	2	3
1265	3	2
1266	3	2
1270	2	3
1273	1	2
1274	2	3
1275	3	2
1276	1	2
1277	2	1
1278	1	2
1282	2	1
1283	2	1
1284	1	2
1287	3	2
1290	3	2
1301	1	2
1302	1	2
1303	2	3
1306	2	3
1307	3	2
1313	1	2
1315	3	2
1316	3	2
1317	3	2
1318	3	2
1324	1	2
1325	2	3
1326	3	2
1327	3	2
1330	1	2
1331	1	2
1332	1	2
1333	2	1
1335	1	2
1337	2	1
1338	2	3
1341	2	1
1344	3	2
1346	1	2
1348	1	2
1350	2	1
1351	3	2
1352	1	3
1353	2	3
1354	1	2
1355	2	1
1358	2	3
1360	2	3
1362	3	2
1363	3	2
1364	1	2
1365	2	3
1366	2	3
1368	1	2
1370	1	2
1372	2	1
1374	1	2
1378	3	2
1382	1	2
1384	2	3
1388	1	2
1389	2	1
1390	2	3
1391	1	2
1392	2	1
1394	2	1
1400	2	3
1401	3	2
1403	1	2
1406	3	2
1407	2	3
1409	3	2
1410	2	3
1411	2	3
1416	2	3
1418	3	2
1419	3	2
1421	3	2
1422	3	2
1424	3	2
1426	2	3
1427	3	2
1428	3	2
1433	1	2
1434	3	1
1435	1	2
1436	1	2
1437	1	2
1438	1	2
1440	3	2
1441	3	2
1442	1	2
1443	1	2
1445	2	3
1447	2	1
1450	2	1
1452	2	3
1453	3	1
1454	3	2
1455	2	3
1459	2	3
1463	2	3
1465	2	3
1466	2	1
1467	1	2
1468	2	1
1470	2	1
1471	1	2
1473	1	2
1474	1	3
1475	1	2
1478	2	3
1479	2	1
1480	1	3
1481	3	2
1483	2	3
1486	3	2
1487	1	3
1488	2	1
1493	2	3
1495	2	3
1497	2	3
1498	3	2
1501	3	2
1502	3	2
1503	1	2
1504	2	1
1506	3	2
1508	1	2
1515	3	2
1516	1	2
1517	1	2
1518	1	2
1519	1	2
1520	3	2
1521	3	2
1522	1	2
1525	2	1
1526	2	1
1529	1	2
1532	2	3
1534	1	2
1536	1	2
1537	1	2
1539	2	1
1540	3	1
1541	1	2
1542	3	2
1543	1	2
1544	1	2
1545	2	1
1547	1	2
1550	2	1
1552	1	2
1553	1	3
1554	3	2
1562	2	3
1564	2	1
1565	1	2
1568	2	3
1569	3	2
1571	3	2
1573	2	1
1578	3	2
1580	2	3
1584	3	2
1588	3	2
1589	3	2
1590	3	2
1598	2	1
1604	3	2
1607	1	2
1608	2	1
1612	2	1
1614	3	2
1615	3	1
1616	2	3
1620	1	2
1622	2	1
1625	2	1
1626	1	2
1628	1	3
1629	2	3
1631	2	1
1634	2	1
1637	3	2
1641	2	1
1642	1	2
1644	1	2
1645	3	2
1648	3	2
1649	2	3
1651	2	3
1652	3	2
1661	3	2
1662	3	2
1665	1	2
1666	3	2
1667	2	3
1668	3	2
1669	3	2
1674	2	1
1677	2	1
1682	2	1
1684	2	1
1685	3	1
1686	2	3
1687	1	3
1694	2	1
1699	1	2
1700	1	2
1704	3	2
1706	3	2
1712	3	2
1713	1	3
1716	3	2
1719	1	2
1720	1	2
1722	1	2
1723	1	2
1727	2	1
1728	2	1
1729	2	1
1731	2	1
1732	2	3
1733	1	3
1734	3	1
1735	2	3
1742	1	2
1743	2	1
1746	2	3
1747	3	2
1750	1	2
1752	2	1
1754	1	2
1755	1	2
1759	1	2
1762	3	2
1763	2	1
1765	3	1
1766	3	2
1769	1	3
1770	2	3
1771	1	2
1772	2	1
1775	1	2
1777	3	2
1778	2	1
1779	3	2
1780	2	1
1781	1	3
1782	2	1
1784	2	3
1789	1	2
1790	3	2
1792	3	2
1795	1	2
1796	1	2
1797	2	3
1800	2	1
1801	1	2
1803	1	2
1806	1	2
1807	3	2
1808	2	3
1809	2	1
1811	1	2
1812	1	2
1813	1	2
1814	1	2
1820	1	2
1822	1	2
1826	2	1
1827	2	1
1830	2	1
1832	1	2
1833	1	2
1835	3	2
1836	1	3
1837	1	3
1838	1	2
1841	2	3
1844	3	2
1849	1	2
1851	1	3
1852	3	2
1854	2	1
1856	2	1
1857	1	2
1867	3	1
1870	1	2
1872	2	3
1873	2	1
1874	1	2
1875	2	3
1877	3	2
1878	3	2
1880	3	2
1881	1	2
1882	2	1
1883	3	2
1884	2	3
1891	2	3
1893	3	2
1894	2	3
1896	2	3
1901	1	2
1903	2	1
1904	1	2
1905	1	2
1906	1	2
1907	2	3
1908	2	3
1911	2	3
1912	2	3
1914	1	2
1915	2	3
1916	3	2
1919	2	1
1923	2	1
1924	1	2
1927	2	1
1935	3	2
1936	1	2
1937	2	3
1938	1	2
1939	2	1
1940	2	3
1941	3	2
1943	2	3
1944	3	2
1946	3	2
1949	3	2
1957	3	2
1958	2	3
1959	3	2
1960	1	2
1963	1	2
1964	3	2
1965	1	2
1970	3	2
1972	3	2
1973	2	3
1975	2	1
1978	2	3
1979	3	2
1980	1	2
1981	1	2
1985	3	1
1988	3	2
1990	2	1
1992	1	2
1993	2	3
1995	3	2
1996	2	1
1997	1	2
2001	2	3
2005	1	2
2007	3	2
2009	2	3
2013	3	2
2017	3	2
2022	2	1
2023	2	1
2028	2	3
2029	3	2
2031	2	3
2032	3	2
2034	2	3
2041	1	2
2048	2	1
2049	2	1
2055	1	2
2057	2	1
2059	2	1
2062	2	3
2064	3	2
2068	3	2
2073	3	2
2079	1	2
2081	2	1
2082	3	2
2085	1	2
2090	2	3
2092	2	1
2100	3	2
2101	3	2
2103	1	2
2104	1	2
2111	2	1
2112	2	1
2114	2	3
2123	3	2
2124	2	3
2126	1	2
2127	1	2
2128	1	2
2129	1	2
2130	1	3
2131	3	2
2133	2	3
2134	2	1
2135	2	3
2136	2	3
2137	2	3
2141	3	2
2143	2	1
2146	3	2
2147	2	1
2150	2	1
2151	3	2
2152	3	2
2153	3	2
2154	2	3
2157	2	3
2158	2	1
2161	2	3
2162	3	2
2163	1	3
2164	1	2
2165	1	2
2169	1	3
2170	3	1
2173	3	2
2174	3	2
2177	1	2
2178	2	1
2180	1	2
2181	2	1
2183	1	2
2186	1	2
2188	2	1
2189	1	2
2199	2	1
2206	1	2
2207	2	1
2208	2	1
2209	2	1
2213	1	2
2215	1	2
2219	2	1
2220	1	2
2222	2	3
2223	2	3
2224	2	3
2225	3	2
2231	2	1
2232	1	2
2233	2	1
2234	2	1
2235	2	1
2241	2	1
2242	2	1
2245	3	1
2246	3	1
2247	1	2
2249	3	2
2255	3	2
2256	3	2
2257	3	2
2262	3	2
2264	2	3
2265	3	2
2266	3	2
2272	1	2
2274	1	2
2275	1	2
2276	1	2
2277	1	2
2278	1	2
2282	2	1
2283	1	2
2284	2	1
2285	1	2
2286	2	1
2288	2	3
2289	2	3
2291	3	2
2292	3	1
2293	2	1
2294	3	1
2295	1	2
2296	2	3
2297	3	1
2298	2	1
2299	2	3
2300	3	2
2301	2	3
2305	2	3
2308	3	2
2312	2	3
2313	2	3
2314	1	2
2318	1	2
2319	1	2
2321	2	1
2323	2	3
2325	2	3
2326	1	2
2327	2	1
2330	2	1
2331	1	2
2332	2	3
2333	3	2
2334	3	2
2340	1	3
2343	3	2
2345	2	3
2347	2	1
2348	2	1
2352	3	2
2355	3	2
2357	2	3
2358	3	2
2360	1	2
2361	2	1
2362	2	1
2363	2	1
2365	2	1
2369	2	1
2373	2	3
2374	3	2
2377	1	2
2379	2	3
2380	2	3
2382	2	3
2383	3	1
2384	2	3
2385	2	1
2386	3	2
2388	3	2
2389	2	3
2391	3	2
2392	2	1
2393	2	1
2395	2	3
2396	2	3
2397	2	3
2399	1	3
2401	2	3
2403	1	2
2405	1	2
2406	2	1
2409	1	2
2411	1	2
2421	1	2
2425	2	1
2426	3	2
2427	3	2
2429	1	2
2433	3	2
2441	2	1
2443	2	1
2444	2	1
2445	1	3
2446	2	1
2448	3	2
2449	3	2
2455	3	2
2461	3	2
2464	2	1
2465	1	2
2467	1	2
2468	1	2
2469	1	2
2478	2	3
2484	2	1
2488	1	2
2489	2	1
2491	1	2
2494	2	3
2495	3	2
2498	3	2
2499	3	2
2505	3	2
2507	2	1
2508	3	2
2509	2	3
2510	3	2
2511	3	2
2512	2	3
2513	3	2
2514	3	2
2517	3	2
2522	3	2
2526	1	2
2530	3	2
2533	2	3
2534	3	2
2544	2	1
2545	3	1
2546	1	2
2547	2	3
2548	1	2
2552	2	3
2553	3	2
2554	2	1
2555	1	2
2563	2	3
2564	2	3
2568	3	2
2569	3	2
2570	3	2
2571	2	1
2573	1	2
2574	1	2
2580	1	2
2584	1	2
2585	2	1
2586	2	1
2587	1	2
2589	3	2
2597	3	2
2599	3	2
2603	2	3
2606	3	2
2608	2	3
2617	2	1
2618	1	2
2619	3	1
2620	2	1
2621	3	1
2622	3	1
2623	1	2
2627	3	2
2628	2	3
2629	3	2
2632	3	2
2635	3	2
2636	3	2
2638	3	2
2640	2	3
2641	2	3
2642	2	3
2644	1	2
2645	1	2
2648	1	2
2650	3	1
2651	3	1
2652	3	1
2655	2	1
2661	2	3
2665	1	2
2669	2	1
2671	1	2
2672	2	3
2673	1	2
2674	2	3
2679	3	2
2680	3	2
2681	3	2
2691	2	3
2694	2	1
2695	1	2
2698	2	1
2699	3	2
2700	2	3
2701	3	2
2703	2	1
2704	2	1
2705	2	1
2709	1	2
2710	2	1
2715	1	2
2727	2	1
2728	3	2
2731	3	1
2740	1	2
2746	1	2
2747	1	2
2748	2	1
2754	2	1
2758	1	2
2760	1	2
2761	1	2
2763	1	2
2767	1	2
2769	2	3
2782	2	3
2783	2	1
2789	2	3
2790	3	2
2792	2	1
2793	2	1
2796	3	2
2797	3	2
2798	1	2
2802	3	2
2803	3	1
2807	3	2
2808	1	2
2809	1	2
2812	3	2
2813	3	2
2814	3	2
2815	1	2
2816	1	2
2819	1	2
2821	3	2
2825	3	2
2832	1	2
2836	2	1
2840	2	1
2844	1	2
2845	1	2
2848	2	3
2851	1	2
2852	2	1
2855	2	1
2856	1	2
2857	3	1
2860	2	1
2863	1	2
2864	1	2
2866	1	2
2867	2	1
2874	1	2
2880	1	2
2881	2	3
2883	1	2
2886	1	2
2887	3	2
2900	3	2
2901	3	2
2909	2	1
2913	3	1
2914	1	2
2915	1	2
2918	1	2
2921	3	2
2922	2	3
2931	2	1
2936	2	3
2938	3	2
2940	2	1
2941	2	1
2953	2	3
2957	2	1
2962	3	2
2963	3	2
2967	1	2
2972	1	2
2974	2	1
2975	3	2
2977	3	2
2981	2	3
2982	2	3
2983	3	2
2985	3	2
2987	2	1
2991	1	2
2996	1	2
2999	1	2
3002	3	2
3004	2	3
3009	3	2
3010	3	2
3011	2	3
3016	3	2
3017	3	2
3018	3	2
3019	2	3
3021	3	2
3022	3	2
3031	3	2
3037	2	1
3039	2	3
3040	3	2
3043	1	2
3046	3	2
3056	2	1
3057	2	1
3058	2	3
3062	1	3
3065	1	2
3072	1	2
3074	1	2
3076	1	2
3077	2	1
3078	3	2
3081	2	1
3083	2	3
3084	2	3
3085	3	2
3086	1	2
3088	1	2
3091	3	2
3092	2	3
3097	2	1
3098	2	1
3101	1	2
3106	3	1
3107	1	3
3110	2	1
3113	1	2
3114	1	2
3120	2	1
3121	2	1
3124	3	2
3125	2	3
3128	3	2
3140	2	3
3147	1	3
3148	1	3
3149	2	1
3150	3	2
3157	1	2
3159	2	1
3160	2	1
3167	2	1
3168	2	1
3176	2	1
3182	1	2
3186	1	2
3187	3	2
3189	2	3
3192	1	2
3193	2	1
3197	2	3
3198	3	2
3201	1	2
3202	2	1
3215	3	2
3220	1	3
3224	2	3
3225	3	2
3226	3	2
3237	2	1
3240	1	2
3242	1	2
3244	3	2
3245	2	3
3248	2	1
3250	1	2
3251	1	2
3252	3	2
3253	2	3
3256	1	2
3257	2	1
3258	3	2
3259	3	2
3261	1	2
3271	1	2
3273	3	2
3274	3	2
3279	2	1
3280	1	2
3283	2	3
3287	2	3
3291	3	2
3292	2	1
3293	2	1
3294	1	2
3296	3	2
3297	3	2
3299	2	1
3302	3	2
3309	1	2
3310	2	1
3318	2	3
3319	2	3
3320	2	3
3321	2	3
3324	2	3
3326	2	1
3329	2	3
3331	2	1
3332	3	2
3333	2	3
3335	2	3
3337	2	3
3338	3	1
3339	3	2
3349	3	2
3350	2	3
3351	3	2
3356	2	1
3357	1	2
3358	3	2
3360	1	2
3362	1	2
3363	1	2
3365	1	2
3366	2	1
3367	2	1
3368	1	2
3379	3	2
3391	3	2
3392	2	3
3393	2	3
3394	3	2
3398	2	1
3400	3	2
3401	1	2
3402	2	3
3403	3	2
3405	2	3
3407	1	2
3411	1	2
3413	2	1
3414	1	2
3415	3	2
3416	3	2
3417	3	1
3418	3	1
3422	2	3
3423	2	1
3424	1	2
3426	2	1
3428	2	1
3429	3	2
3430	2	3
3434	1	2
3435	1	2
3436	2	1
3437	1	3
3438	1	2
3443	1	2
3445	2	3
3446	2	3
3448	3	2
3449	3	2
3450	1	2
3453	2	3
3456	2	3
3457	3	2
3458	2	3
3460	2	1
3462	2	3
3463	3	2
3464	3	2
3465	2	3
3466	3	2
3467	2	3
3469	2	1
3471	2	1
3475	3	2
3476	3	2
3479	2	3
3480	2	1
3481	2	3
3482	3	2
3487	1	2
3491	3	2
3492	3	2
3496	2	1
3498	1	2
3499	3	2
3502	3	2
3503	3	2
3509	1	2
3510	2	1
3511	1	2
3512	1	2
3513	2	1
3517	1	3
3521	3	2
3522	3	2
3523	2	3
3525	1	2
3532	2	1
3533	1	2
3535	1	2
3544	1	2
3545	2	1
3546	1	2
3548	2	1
3551	2	1
3554	2	1
3555	3	2
3556	2	3
3560	2	3
3562	3	2
3565	2	1
3566	2	1
3567	3	2
3570	2	3
3572	2	1
3573	1	2
3575	3	2
3576	3	2
3578	2	3
3584	1	2
3585	2	1
3586	2	1
3587	1	2
3592	2	1
3593	2	1
3594	2	1
3597	2	1
3599	2	1
3601	3	2
3615	2	3
3616	2	3
3617	2	3
3619	2	3
3620	3	2
3622	3	2
3625	2	1
3641	1	2
3642	1	2
3643	1	2
3644	2	1
3646	1	2
3647	1	3
3648	1	2
3650	2	1
3659	1	2
3661	1	2
3670	2	3
3679	3	1
3687	1	2
3689	2	1
3691	2	3
3693	2	1
3694	2	3
3695	2	3
3696	1	2
3699	2	1
3700	2	1
3704	3	2
3706	3	2
3707	2	3
3708	2	3
3710	3	2
3719	2	1
3722	2	3
3723	2	3
3727	1	2
3730	3	2
3731	1	2
3733	2	1
3734	1	2
3735	2	1
3737	3	2
3739	3	2
3740	2	1
3746	3	2
3748	2	1
3752	3	2
3753	3	2
3754	3	2
3755	1	2
3757	1	3
3759	2	1
3764	1	2
3765	2	1
3766	1	2
3773	2	3
3778	2	1
3780	2	1
3784	3	2
3785	3	2
3788	2	3
3789	3	2
3795	2	3
3797	2	3
3802	1	2
3803	2	1
3810	3	2
3811	1	2
3812	2	3
3813	3	2
3816	2	3
3819	2	3
3822	3	2
3827	1	2
3836	1	2
3838	2	3
3839	2	3
3856	2	3
3857	2	1
3858	3	2
3859	1	2
3861	3	2
3866	2	1
3868	3	2
3869	1	2
3871	2	1
3872	2	1
3874	3	2
3877	2	3
3880	3	2
3882	2	3
3883	1	2
3884	1	2
3885	1	3
3886	2	3
3887	2	1
3888	3	1
3889	1	3
3890	1	2
3891	2	3
3892	2	3
3893	2	3
3895	3	2
3899	1	2
3900	2	1
3901	1	2
3903	1	2
3908	2	3
3909	3	2
3910	3	2
3912	3	2
3915	3	2
3918	2	1
3919	2	1
3920	1	2
3929	2	1
3936	1	2
3939	3	2
3944	2	3
3949	3	2
3950	2	3
3954	2	3
3955	3	2
3956	2	3
3958	3	2
3959	3	2
3960	3	2
3962	3	2
3963	2	3
3964	3	2
3965	3	2
3967	2	1
3970	3	2
3973	3	2
3977	1	2
3978	2	1
3979	1	2
3983	2	1
3986	2	1
3988	1	2
3989	1	2
3995	1	2
3999	3	2
4004	1	2
4005	2	1
4006	1	2
4007	2	1
4016	2	3
4020	3	2
4026	3	2
4031	1	2
4033	1	2
4034	2	1
4035	2	1
4036	2	3
4038	2	1
4039	2	1
4041	2	1
4042	1	2
4043	2	1
4045	2	1
4046	1	2
4047	2	1
4050	2	1
4064	2	1
4070	2	1
4075	3	2
4079	2	3
4083	3	1
4084	2	3
4085	2	1
4089	1	2
4091	2	1
4092	1	2
4097	2	1
4109	3	2
4118	1	2
4119	2	3
4122	2	1
4124	2	3
4126	3	2
4127	2	3
4130	3	2
4132	2	3
4134	2	3
4135	1	2
4138	1	2
4139	3	2
4140	3	2
4142	1	2
4146	2	3
4148	3	2
4150	1	2
4157	2	1
4158	3	2
4160	2	3
4161	2	1
4162	2	1
4163	1	2
4164	1	2
4169	3	2
4172	2	1
4179	3	2
4180	2	3
4181	3	2
4182	2	1
4184	2	3
4186	3	2
4190	1	2
4195	2	1
4203	2	1
4205	1	2
4216	2	1
4219	2	3
4220	3	2
4223	2	3
4228	1	2
4229	2	1
4230	1	2
4233	1	2
4238	2	3
4241	1	2
4248	1	2
4250	3	2
4252	2	3
4257	3	2
4260	3	1
4261	2	3
4264	3	2
4265	3	2
4266	2	3
4267	2	3
4271	1	3
4272	1	2
4273	2	1
4274	2	3
4277	1	2
4278	1	2
4285	3	2
4287	2	1
4288	1	2
4289	3	2
4292	2	3
4293	3	2
4295	2	3
4307	1	2
4312	2	3
4319	3	2
4324	3	2
4325	3	2
4326	2	3
4329	1	2
4332	1	2
4334	2	1
4335	1	2
4339	3	2
4341	3	2
4342	3	2
4346	3	2
4347	2	3
4349	3	2
4350	3	2
4363	2	3
4366	3	2
4375	3	2
4379	2	3
4381	3	2
4389	2	1
4391	2	1
4394	2	1
4396	2	3
4401	2	1
4402	1	2
4404	3	2
4406	2	3
4411	3	2
4412	3	2
4414	3	2
4418	1	2
4419	1	2
4420	1	2
4423	2	3
4425	3	2
4426	2	1
4427	3	2
4430	1	3
4431	3	2
4433	3	2
4434	3	2
4437	2	1
4447	2	3
4448	3	2
4449	1	2
4451	1	2
4452	1	2
4453	2	1
4456	3	2
4463	3	2
4466	3	2
4467	2	3
4468	1	2
4471	1	2
4472	2	1
4474	1	2
4476	1	2
4477	2	1
4481	2	1
4495	1	2
4497	2	1
4498	1	2
4499	1	2
4500	2	1
4504	1	2
4516	2	3
4518	3	2
4521	1	2
4522	2	1
4523	1	2
4528	2	1
4529	2	1
4540	3	2
4541	2	3
4542	2	3
4543	2	3
4547	3	2
4550	1	2
4553	3	2
4556	3	2
4557	1	2
4558	2	1
4583	2	1
4585	2	3
4587	1	2
4593	3	2
4600	2	3
4602	3	2
4604	2	3
4605	2	3
4607	2	3
4608	3	2
4613	3	2
4614	3	2
4622	2	1
4623	2	1
4624	2	3
4627	3	2
4638	3	2
4640	2	3
4657	3	2
4658	3	2
4659	1	2
4661	2	1
4662	2	1
4667	2	3
4668	2	3
4670	1	2
4675	3	2
4677	2	3
4679	3	2
4681	3	2
4691	2	3
4692	3	2
4694	2	1
4695	3	2
4696	1	2
4698	1	2
4722	1	2
4725	3	2
4729	3	2
4741	3	2
4745	2	3
4747	2	1
4752	3	2
4756	3	2
4757	1	3
4758	1	3
4759	1	2
4760	2	1
4761	2	3
4762	3	2
4764	3	2
4765	1	2
4766	1	2
4767	2	3
4768	3	2
4769	3	2
4772	3	2
4774	1	2
4785	2	3
4786	2	3
4788	3	2
4797	1	2
4799	2	1
4809	2	1
4814	2	3
4815	2	3
4816	1	2
4817	1	2
4821	2	1
4822	2	3
4823	3	2
4835	1	2
4837	1	2
4838	2	3
4842	3	2
4843	2	3
4847	2	3
4848	1	2
4854	1	2
4855	1	2
4856	3	2
4857	1	3
4858	2	3
4861	3	2
4862	3	2
4863	1	2
4868	2	1
4869	2	3
4870	3	2
4875	1	2
4881	2	1
4882	2	1
4883	1	2
4885	2	1
4887	1	2
4889	1	2
4890	1	2
4892	2	3
4894	3	2
4896	2	3
4903	2	1
4911	3	2
4916	2	3
4921	3	2
4929	2	1
4933	2	3
4936	2	1
4939	1	2
4941	1	2
4942	3	2
4947	3	2
4948	3	2
4949	3	2
4950	3	2
4956	3	2
4958	3	2
4959	2	1
4962	2	3
4974	3	2
4976	2	3
4977	2	3
4978	3	2
4986	2	1
4994	3	2
4995	2	3
4999	2	3
5000	3	2
5004	2	1
5007	2	3
5023	1	2
5026	3	2
5036	2	3
5038	2	3
5042	1	2
5043	1	2
5045	3	1
5046	3	2
5049	3	2
5051	2	1
5064	1	2
5077	2	3
5080	2	1
5087	3	2
5108	2	3
5110	3	2
5111	2	3
5114	2	1
5136	3	2
5144	2	1
5152	3	2
5154	2	3
5162	3	2
5165	2	3
5168	2	1
5170	3	2
5178	2	1
5183	3	2
5188	1	2
5191	1	2
5194	2	3
5201	3	2
5206	3	2
5242	2	1
5244	3	2
5247	2	3
5254	3	2
5255	3	2
5256	2	3
5269	3	2
5273	2	1
5276	2	3
5278	2	3
5279	2	1
5286	3	2
5287	2	3
5295	3	2
5307	2	1
5320	2	3
5321	2	1
5322	1	2
5327	3	2
5328	3	2
5331	3	2
5332	2	3
5338	2	3
5343	2	1
5345	3	2
5382	3	2
5395	3	2
5397	1	2
5401	2	1
5410	3	2
5412	2	3
5418	2	3
5419	3	2
5432	2	3
5450	3	2
5451	2	3
5459	3	2
5466	2	3
5470	2	1
5472	1	2
5475	1	2
5486	3	2
5493	3	2
5502	1	2
5503	1	2
5504	1	2
5506	2	3
5508	3	2
5512	3	2
5531	1	2
5537	1	2
5539	1	2
5547	1	2
5551	3	2
5553	1	3
5564	1	2
5576	3	2
5588	1	2
5592	3	2
5593	2	3
5599	1	2
5602	3	2
5612	3	2
5628	3	2
5657	1	2
5660	2	1
5665	1	2
5667	1	2
5668	1	2
5677	2	1
5683	2	1
5685	2	1
5689	1	2
5703	2	3
5710	2	3
5713	3	2
5721	1	2
5731	2	1
5732	2	1
5733	1	2
5738	2	1
5739	2	1
5743	2	3
5744	2	3
5746	2	1
5748	3	2
5754	3	2
5757	3	2
5766	2	3
5790	2	3
5798	1	2
5802	2	1
5818	3	2
5822	2	3
5831	1	2
5832	1	2
5834	1	2
5836	1	2
5839	1	2
5840	3	2
5841	1	3
5847	2	3
5849	2	1
5852	2	1
5858	2	3
5859	3	2
5867	3	2
5870	2	3
5872	2	1
5878	2	3
5882	3	2
5892	1	2
5900	1	2
5913	2	3
5915	2	3
5925	2	1
5927	1	2
5934	2	3
5937	1	2
5942	3	2
5949	2	1
5950	2	1
5953	3	2
5962	2	1
5965	1	2
5966	2	1
5968	1	2
5969	1	2
5982	1	2
5989	1	2
5994	2	1
5995	2	1
5996	1	2
5998	1	2
6004	2	3
6007	1	2
6013	3	2
6017	2	3
6018	3	2
6019	3	2
6026	3	2
6031	2	1
6038	1	2
6039	1	2
6042	2	3
6050	1	2
6081	1	2
6086	2	1
6087	2	1
6100	1	2
6108	2	3
6110	2	1
6125	1	2
6126	1	2
6128	2	3
6141	2	1
6144	3	2
6148	2	1
6151	3	2
6160	3	2
6165	2	3
6188	2	1
6193	1	2
6205	2	3
6213	2	3
6219	2	1
6223	2	1
6230	1	2
6236	1	2
6239	1	2
6245	1	2
6277	3	2
6284	3	2
6288	3	2
6289	1	2
6296	1	2
6297	2	3
6299	2	3
6373	1	2
6374	2	1
6377	3	2
6390	1	2
6400	1	2
6414	2	3
6418	2	3
6424	2	1
6429	1	2
6435	2	1
6436	2	1
6442	3	2
6443	3	2
6450	3	2
6459	3	2
6468	3	2
6470	2	3
6478	2	1
6480	2	1
6488	3	2
6489	2	3
6498	3	2
6499	2	1
6507	2	3
6511	1	2
6514	2	1
6519	3	1
6526	1	2
6538	2	3
6568	2	1
6569	1	2
6570	1	2
6572	3	2
6575	2	3
6588	3	2
6592	3	2
6593	3	2
6596	2	3
6603	2	1
6604	2	1
6610	2	1
6613	3	2
6616	2	1
6625	1	2
6659	2	3
6660	3	2
6668	3	1
6672	3	1
6675	3	2
6676	3	2
6677	3	2
6687	2	3
6693	2	1
6703	1	2
6709	2	3
6715	1	2
6725	1	2
6727	1	2
6729	1	2
6762	1	3
6765	1	2
6766	1	2
6767	1	2
6773	3	2
6774	2	3
6783	3	2
6784	3	1
6787	3	2
6788	2	3
6809	2	3
6829	3	2
6832	2	3
6833	3	2
6841	2	3
6847	2	1
6849	2	1
6852	3	1
6855	1	2
6862	2	1
6863	1	2
6865	1	2
6871	2	3
6872	2	3
6878	2	1
6879	2	1
6882	1	2
6892	3	2
6893	3	2
6900	2	3
6902	1	2
6903	1	2
6910	3	2
6914	1	2
6917	1	2
6926	1	2
6947	2	3
6976	3	2
6983	2	1
6988	1	2
6990	1	2
6991	3	2
6992	3	2
6995	3	2
6996	1	2
6997	1	2
7002	3	2
7007	2	1
7015	2	3
7024	3	2
7034	1	2
7035	3	2
7037	2	1
7038	2	3
7044	1	2
7048	3	2
7049	2	1
7060	1	2
7062	2	1
7064	3	2
7071	2	3
7082	2	3
7083	2	3
7084	2	3
7086	3	2
7121	1	2
7123	2	3
7129	1	2
7136	3	2
7149	1	2
7152	2	1
7158	3	2
7165	1	2
7166	3	2
7172	1	2
7177	2	3
7178	3	2
7185	2	1
7186	1	2
7188	2	1
7192	2	3
7193	2	3
7194	3	2
7211	2	3
7212	2	3
7214	2	3
7218	3	2
7231	2	1
7240	1	2
7241	1	2
7248	2	3
7255	2	3
7259	3	2
7267	2	3
7271	2	3
7288	2	1
7291	3	2
7307	3	2
7322	2	3
7328	3	2
7347	3	2
7366	3	2
7369	2	1
7372	2	3
7381	3	2
7387	1	2
7397	3	2
7401	2	1
7404	1	2
7417	2	1
7423	3	2
7429	2	3
7439	1	2
7446	1	2
7450	2	3
7460	1	2
7466	2	3
7470	1	3
7471	2	1
7478	2	1
7479	2	3
7481	2	1
7485	3	2
7489	1	2
7491	1	2
7506	2	3
7507	3	2
7515	2	3
7516	3	2
7519	2	3
7538	1	2
7560	1	2
7569	3	2
7575	3	2
7576	3	2
7587	2	1
7592	1	2
7593	3	2
7603	2	1
7604	2	1
7605	2	1
7606	3	2
7610	2	3
7616	3	2
7622	3	2
7626	2	1
7636	3	2
7655	1	2
7662	3	2
7665	1	2
7688	2	1
7691	2	1
7693	1	2
7695	1	2
7698	3	2
7701	2	3
7702	3	2
7707	1	2
7712	3	1
7715	2	1
7720	2	1
7726	2	3
7739	1	2
7747	1	2
7750	1	2
7751	2	3
7752	3	2
7768	3	2
7773	2	3
7777	3	2
7778	3	2
7786	3	2
7787	3	2
7790	2	1
7813	2	1
7819	2	3
7821	3	2
7824	1	2
7826	3	2
7828	2	3
7857	3	2
7858	1	3
7862	1	2
7869	2	1
7871	1	2
7887	2	1
7893	2	1
7900	2	1
7916	3	2
7917	3	2
7919	1	3
7928	2	3
7929	3	2
7938	3	2
7940	3	2
7958	3	2
7964	2	1
7966	3	2
7992	3	2
7996	2	1
8000	2	1
8001	3	2
8007	1	2
8014	2	1
8030	2	1
8036	1	2
8046	2	3
8047	2	3
8054	3	2
8057	1	2
8066	2	1
8071	1	2
8073	2	1
8074	2	1
8078	1	3
8079	1	2
8082	1	2
8083	3	2
8084	2	1
8096	2	3
8099	2	3
8111	1	2
8113	2	1
8144	3	2
8145	2	3
8146	3	2
8148	3	2
8149	2	3
8150	1	3
8160	3	2
8168	1	2
8172	3	2
8173	3	2
8182	2	3
8184	1	2
8190	2	1
8192	2	3
8196	1	2
8200	1	2
8204	1	2
8209	2	1
8222	1	2
8225	2	3
8233	2	3
8251	2	3
8252	3	2
8259	1	3
8262	2	3
8263	2	3
8267	3	2
8272	2	1
8279	1	3
8280	3	2
8284	2	1
8287	2	3
8294	2	1
8298	1	2
8299	2	3
8301	2	3
8326	2	1
8330	3	2
8338	2	1
8339	1	2
8366	3	2
8370	2	1
8375	2	3
8377	1	2
8379	2	1
8387	2	1
8389	3	2
8390	2	1
8401	1	2
8432	2	1
8435	1	2
8442	2	1
8445	1	2
8462	2	1
8468	2	3
8469	3	2
8493	3	2
8502	2	1
8511	2	1
8514	1	2
8517	2	1
8522	1	2
8526	1	2
8534	2	1
8542	3	2
8544	2	3
8546	2	3
8549	2	3
8550	2	3
8559	3	2
8560	2	3
8564	2	1
8576	3	1
8587	2	1
8602	1	2
8606	3	2
8614	3	2
8617	2	3
8618	3	2
8623	3	2
8633	3	2
8635	1	2
8638	2	1
8648	3	2
8649	1	2
8654	3	2
8664	2	3
8681	1	2
8688	1	2
8689	2	1
8703	2	3
8713	3	2
8725	1	2
8763	3	2
8768	1	2
8776	2	3
8789	1	2
8798	3	2
8845	2	3
8847	3	2
8852	1	2
8859	3	2
8860	2	1
8876	2	1
8880	3	2
8887	3	2
8889	3	2
8898	1	2
8907	2	1
8920	1	2
8923	1	2
8931	2	1
8933	2	1
8944	1	2
8945	2	1
8951	2	1
8952	1	3
8953	1	2
8954	1	3
8956	3	2
8963	2	3
8975	1	2
8978	3	2
8980	1	3
8985	1	2
8986	1	2
8997	2	3
8998	3	2
9000	3	2
9001	1	2
9002	2	1
9004	1	2
9018	1	2
9022	2	1
9028	1	2
9031	2	1
9034	3	2
9038	1	2
9039	1	2
9042	1	2
9049	3	2
9059	2	3
9073	2	1
9076	3	2
9079	1	2
9082	3	2
9089	2	1
9090	2	1
9092	1	2
9094	1	2
9115	2	1
9130	1	2
9132	2	1
9133	1	2
9134	1	2
9137	3	2
9138	2	3
9139	2	3
9152	3	2
9164	2	3
9169	2	3
9170	3	2
9172	3	2
9175	2	3
9178	1	3
9179	3	1
9183	1	3
9184	2	3
9187	3	2
9188	1	2
9203	1	2
9219	1	2
9224	2	1
9232	2	3
9247	3	2
9248	3	2
9249	3	2
9252	2	1
9256	2	3
9259	2	3
9263	1	2
9268	3	2
9273	2	1
9281	2	3
9295	3	2
9314	2	1
9318	2	1
9326	2	3
9328	1	2
9329	2	3
9334	3	1
9336	1	2
9347	2	1
9352	2	3
9357	1	2
9366	3	2
9395	1	2
9427	1	2
9428	1	2
9443	3	2
9449	2	1
9455	2	1
9456	1	2
9457	1	2
9462	1	2
9464	1	2
9470	1	2
9473	2	1
9482	2	1
9494	2	1
9496	2	1
9497	2	1
9504	1	2
9519	2	1
9532	2	1
9551	2	1
9553	2	1
9566	2	1
9569	2	1
9570	1	3
9571	3	1
9590	1	2
9591	3	2
9600	1	2
9612	1	2
9621	2	1
9627	1	2
9628	2	1
9630	2	3
9633	1	3
9646	3	2
9647	3	2
9662	1	2
9674	1	2
9684	1	2
9694	2	3
9696	3	2
9700	2	3
9710	3	2
9712	2	3
9722	1	2
9725	3	2
9731	1	2
9733	2	1
9739	2	3
9747	2	3
9751	2	1
9752	2	1
9754	1	2
9761	2	1
9779	2	3
9799	2	1
9807	3	2
9808	3	2
9812	1	2
9818	3	2
9819	3	2
9827	2	1
9828	1	2
9839	2	3
9847	1	3
9853	3	2
9856	2	1
9857	1	2
9868	2	1
9869	1	2
9882	3	2
9885	3	2
9891	2	1
9898	1	2
9906	3	2
9914	2	1
9923	2	3
9935	2	3
9936	2	1
9937	2	3
9938	3	2
9949	3	2
9956	2	3
9974	3	2
9985	3	2
9987	2	3
9994	3	2
10002	2	1
10009	2	3
10015	3	2
10023	2	3
10024	3	2
10028	2	3
10029	2	3
10040	2	3
10041	2	3
10044	1	3
10051	2	3
10057	3	2
10059	3	2
10061	2	3
10062	3	2
10069	2	3
10072	1	2
10085	3	2
10087	2	1
10092	2	1
10093	2	3
10096	3	2
10116	3	2
10118	2	3
10121	2	1
10124	2	1
10126	1	2
10127	1	2
10130	3	2
10136	3	2
10137	2	3
10138	2	3
10139	3	1
10145	1	2
10147	2	3
10150	1	3
10151	2	3
10155	2	1
10161	3	2
10167	2	3
10193	2	1
10194	1	2
10196	1	2
10197	1	2
10218	2	3
10220	3	2
10228	2	3
10232	1	2
10239	2	3
10244	2	1
10264	2	3
10265	2	3
10281	1	3
10282	3	2
10285	2	3
10290	3	2
10306	3	2
10307	2	3
10317	2	1
10323	2	3
10328	2	3
10329	3	2
10333	2	1
10342	2	1
10344	2	1
10345	1	2
10350	1	2
10351	2	1
10359	3	2
10361	2	3
10365	2	1
10366	2	3
10373	1	2
10376	1	2
10404	3	2
10414	3	2
10416	1	2
10417	2	1
10419	1	2
10428	3	2
10433	2	3
10436	2	3
10437	2	3
10456	1	2
10457	2	1
10474	3	2
10477	3	2
10492	2	1
10495	3	2
10522	2	1
10524	3	2
10531	3	2
10537	3	2
10544	2	3
10554	2	1
10565	2	1
10576	1	2
10580	2	1
10583	1	2
10588	1	3
10589	3	2
10610	1	2
10611	2	1
10613	1	2
10630	3	2
10631	1	2
10632	1	2
10635	1	2
10644	1	2
10645	1	2
10668	3	2
10680	2	3
10686	1	2
10709	1	2
10724	1	2
10726	2	3
10727	2	3
10733	2	3
10735	3	2
10745	2	1
10762	3	2
10765	2	1
10766	1	2
10777	2	1
10779	2	3
10785	2	1
10787	1	2
10794	1	2
10796	1	2
10799	2	1
10801	2	1
10807	1	2
10808	1	2
10810	2	1
10811	2	1
10818	2	3
10824	1	2
10830	3	2
10831	3	2
10837	2	1
10848	1	2
10849	2	1
10858	2	3
10872	1	2
10874	2	1
10887	3	2
10891	3	2
10893	3	2
10896	2	1
10897	2	1
10905	3	2
10906	2	1
10910	1	2
10916	3	2
10936	3	2
10939	2	3
10940	3	2
10941	2	3
10945	1	2
10951	3	2
10962	2	1
10972	2	1
10980	3	2
10983	2	3
11007	3	2
11010	1	2
11016	3	2
11022	2	1
11023	2	1
11045	1	2
11050	3	2
11063	1	2
11076	2	1
11087	1	2
11088	1	2
11096	2	1
11103	2	3
11116	2	3
11118	3	2
11119	3	2
11146	2	1
11147	2	1
11153	2	3
11165	3	2
11171	1	2
11175	1	2
11182	2	1
11184	2	1
11203	2	1
11234	2	1
11238	2	1
11240	3	2
11243	3	2
11244	2	3
11245	2	3
11255	3	2
11278	1	2
11279	1	2
11283	2	1
11292	1	2
11294	2	3
11304	2	3
11306	1	2
11308	2	3
11328	2	3
11334	3	2
11337	1	2
11339	2	1
11342	1	2
11352	1	2
11355	3	1
11357	2	1
11361	2	1
11374	2	3
11382	2	3
11384	2	3
11393	2	3
11394	1	2
11395	1	2
11398	3	2
11399	2	3
11408	2	1
11411	1	2
11415	1	2
11418	2	1
11425	2	3
11435	1	2
11436	1	2
11438	1	2
11455	3	2
11462	2	3
11484	1	2
11502	2	1
11514	1	2
11515	1	2
11520	3	2
11529	1	2
11541	1	2
11542	1	2
11563	3	2
11568	3	2
11571	3	2
11572	3	2
11588	2	1
11631	2	3
11639	2	1
11640	1	2
11643	2	1
11644	2	1
11652	1	2
11658	2	1
11662	2	1
11663	1	3
11665	3	1
11670	3	2
11674	1	2
11688	2	3
11703	3	2
11704	3	2
11709	3	2
11710	2	3
11735	3	2
11767	1	2
11790	2	1
11801	2	3
11802	2	3
11803	2	3
11807	2	3
11808	3	2
11814	1	2
11816	2	3
11821	3	2
11826	1	2
11834	3	1
11835	2	1
11839	3	2
11862	3	2
11870	2	1
11877	3	2
11883	2	1
11884	2	1
11887	1	2
11903	2	1
11904	3	2
11911	3	2
11919	3	2
11923	3	2
11927	3	2
11928	2	3
11964	3	1
11966	1	3
11969	3	2
11975	1	2
11982	3	2
11987	1	2
11989	1	2
11998	2	3
12004	2	3
12006	3	2
12010	2	3
12012	1	2
12013	1	2
12014	2	1
12015	2	3
12019	2	3
12021	3	2
12030	3	2
12031	3	2
12037	2	1
12041	1	2
12046	1	2
12048	2	1
12052	1	2
12059	3	2
12060	2	3
12061	3	2
12063	3	2
12071	2	3
12072	1	2
12083	2	1
12102	2	1
12109	1	2
12115	3	2
12121	2	3
12125	2	3
12127	1	2
12132	1	2
12136	3	2
12140	2	1
12141	2	1
12142	1	2
12152	2	1
12153	2	1
12164	2	3
12181	3	2
12193	2	3
12194	2	1
12215	1	2
12218	1	2
12220	2	3
12251	3	2
12254	2	1
12256	2	1
12261	2	3
12267	2	3
12270	3	2
12271	2	1
12272	3	2
12277	3	2
12283	3	2
12293	3	1
12294	2	1
12306	3	2
12309	1	3
12310	1	3
12322	2	1
12367	2	1
12369	1	2
12395	2	3
12401	3	2
12418	1	2
12427	3	2
12428	1	3
12430	2	1
12434	1	2
12440	1	2
12441	2	1
12443	1	2
12453	1	2
12478	1	2
12480	2	3
12482	2	3
12493	2	3
12507	2	1
12515	2	3
12525	2	3
12530	2	3
12531	2	3
12544	3	2
12550	2	1
12568	1	2
12574	2	1
12575	1	2
12576	2	3
12577	2	3
12578	2	3
12583	3	2
12587	1	2
12597	2	3
12598	3	2
12600	2	1
12618	3	2
12626	3	1
12631	3	2
12635	3	1
12636	3	2
12637	2	3
12643	3	2
12654	3	2
12656	3	2
12670	2	1
12671	2	1
12673	3	2
12676	2	1
12699	2	3
12700	3	2
12716	3	2
12718	3	2
12722	3	2
12733	1	2
12741	2	3
12745	2	3
12748	2	3
12750	3	2
12753	1	2
12755	3	2
12760	3	2
12768	3	2
12791	1	2
12821	2	3
12834	1	2
12852	2	1
12861	1	2
12869	3	2
12889	2	3
12893	1	2
12897	3	2
12901	1	2
12905	2	1
12910	2	3
12914	3	2
12915	3	2
12917	1	2
12919	3	2
12934	2	1
12935	1	2
12936	1	2
12939	2	1
12944	3	2
12958	2	1
12959	2	1
12977	3	1
12979	1	2
12980	2	1
13007	2	1
13009	3	2
13018	2	3
13023	2	1
13030	1	2
13053	1	2
13054	1	2
13056	2	3
13078	3	2
13090	2	1
13091	1	2
13094	1	2
13105	1	2
13113	3	2
13117	2	3
13118	3	2
13119	1	2
13120	2	1
13124	3	2
13137	2	1
13141	1	2
13150	3	1
13153	3	2
13155	3	2
13158	2	3
13166	1	2
13181	3	2
13185	2	1
13189	1	2
13201	2	3
13217	1	2
13221	2	3
13231	2	3
13238	2	1
13241	2	3
13243	3	2
13252	2	1
13268	2	1
13272	2	3
13277	1	2
13283	3	2
13292	2	1
13303	2	1
13309	3	2
13317	3	2
13318	2	1
13347	1	2
13348	2	1
13350	3	2
13365	3	2
13382	2	1
13385	1	2
13387	2	1
13390	3	2
13393	2	1
13394	2	1
13397	2	1
13408	1	2
13415	3	2
13416	2	3
13420	3	2
13424	3	2
13428	2	3
13431	3	2
13443	2	1
13448	2	1
13451	2	3
13456	2	1
13472	3	2
13474	3	2
13485	3	2
13498	2	3
13513	3	2
13524	3	2
13531	2	3
13536	2	3
13548	1	2
13561	3	2
13563	2	1
13581	1	2
13582	2	1
13589	2	3
13590	1	2
13612	2	1
13613	2	1
13619	1	2
13620	1	2
13621	3	2
13622	2	3
13636	3	2
13637	2	3
13638	1	2
13657	2	3
13658	1	2
13662	2	3
13663	2	3
13673	1	2
13674	1	2
13681	3	2
13693	1	2
13695	2	3
13707	1	2
13709	1	2
13716	2	1
13719	1	2
13720	2	1
13730	2	1
13731	2	1
13732	2	1
13733	2	1
13736	1	2
13740	1	2
13742	3	2
13774	1	2
13776	2	1
13780	3	2
13784	2	3
13832	2	3
13849	1	2
13850	2	1
13859	2	1
13860	1	2
13862	2	1
13870	2	1
13871	2	1
13880	2	1
13896	3	2
13902	1	2
13906	3	2
13912	3	2
13913	3	2
13925	3	2
13930	2	3
13939	2	3
13942	2	1
13971	1	2
13972	2	3
13980	1	2
13982	2	3
13983	3	2
13987	1	2
13991	1	2
14013	1	2
14020	3	2
14025	2	1
14026	1	2
14032	2	1
14039	1	2
14041	1	2
14042	1	2
14052	1	2
14055	2	1
14056	1	2
14062	1	2
14063	2	3
14067	2	3
14082	1	2
14084	2	1
14086	3	2
14101	3	2
14103	2	3
14107	1	2
14110	2	3
14117	2	1
14119	3	2
14129	2	1
14130	1	2
14133	3	2
14137	1	2
14140	2	1
14144	3	2
14147	3	2
14148	3	2
14153	1	3
14162	3	2
14187	3	2
14198	3	2
14201	2	3
14204	1	2
14241	3	2
14245	2	1
14246	3	2
14247	3	2
14253	2	3
14256	3	2
14259	2	1
14261	3	2
14298	1	2
14300	2	3
14301	2	3
14319	2	1
14321	1	2
14322	2	1
14324	1	2
14327	3	2
14346	3	1
14350	1	2
14354	2	1
14360	3	2
14364	2	3
14367	2	3
14373	1	2
14381	2	1
14383	2	1
14396	1	2
14402	3	2
14408	1	2
14413	2	3
14416	1	2
14423	1	2
14424	1	2
14425	2	1
14441	2	1
14445	1	2
14457	2	3
14466	2	3
14472	1	2
14473	2	1
14483	1	2
14484	2	1
14497	3	2
14498	3	2
14501	2	1
14523	3	2
14531	3	2
14539	3	2
14546	3	2
14551	2	3
14554	3	2
14555	2	3
14556	1	2
14558	2	3
14559	3	2
14560	3	2
14569	2	1
14572	2	3
14583	2	1
14596	1	2
14609	3	2
14610	3	2
14611	2	3
14628	3	2
14630	2	3
14643	3	2
14648	1	2
14659	1	2
14677	2	1
14687	1	2
14693	2	3
14708	2	3
14709	3	2
14712	2	3
14738	1	2
14742	3	2
14749	3	2
14750	3	2
14751	3	2
14752	2	3
14765	2	1
14767	2	1
14776	2	1
14779	1	2
14781	3	1
14782	2	1
14787	2	1
14789	3	2
14790	2	3
14791	2	1
14792	1	2
14809	2	3
14820	2	1
14825	2	1
14834	1	2
14836	1	2
14840	3	2
14850	2	3
14852	3	2
14853	3	2
14855	3	2
14858	2	1
14859	2	1
14860	3	2
14877	3	2
14886	2	3
14892	1	2
14900	1	2
14901	2	3
14909	1	2
14912	2	1
14915	3	2
14921	2	1
14925	2	1
14931	1	2
14932	1	2
14943	2	3
14957	1	2
14962	2	1
14964	1	2
14980	2	3
14981	3	2
14988	2	1
14996	1	2
14998	1	2
15000	1	2
15026	3	2
15036	2	3
15039	2	3
15041	1	2
15044	3	2
15057	3	2
15064	2	1
15070	1	2
15081	1	2
15087	2	1
15088	2	3
15096	1	2
15101	2	1
15102	2	1
15103	2	1
15133	1	2
15134	1	2
15140	2	1
15150	1	2
15152	2	1
15153	1	2
15154	1	2
15157	1	2
15158	1	2
15170	1	2
15171	2	1
15188	3	2
15189	2	3
15210	1	2
15213	2	1
15215	1	2
15220	1	2
15229	3	2
15231	2	3
15232	2	3
15233	3	2
15235	2	3
15237	1	2
15239	1	2
15247	1	2
15252	3	2
15260	1	2
15262	2	1
15269	2	3
15272	1	2
15273	1	2
15274	1	2
15282	3	2
15286	1	2
15294	1	2
15298	1	2
15304	2	3
15308	1	2
15309	3	2
15310	2	3
15314	1	2
15322	3	2
15345	3	2
15347	1	2
15363	2	1
15372	1	2
15380	3	2
15389	2	3
15398	2	3
15402	2	3
15403	3	2
15408	3	2
15410	3	2
15425	2	1
15430	3	2
15434	3	2
15439	1	2
15466	2	1
15472	1	2
15479	1	2
15486	1	2
15500	1	2
15506	2	1
15521	1	2
15523	1	2
15525	2	1
15528	3	2
15534	2	3
15541	3	2
15550	3	2
15552	2	3
15563	3	2
15564	3	2
15565	3	2
15573	1	2
15575	2	3
15580	3	2
15581	2	3
15584	1	2
15602	3	1
15607	2	3
15608	2	3
15626	2	3
15631	2	3
15646	2	1
15650	1	2
15655	3	2
15661	1	2
15669	1	2
15688	1	2
15689	1	2
15690	1	2
15691	1	2
15702	1	3
15703	1	3
15706	2	1
15711	1	2
15719	3	1
15721	2	3
15724	2	1
15736	1	2
15757	3	2
15765	2	1
15768	3	2
15770	3	2
15778	1	2
15797	2	3
15800	2	3
15807	2	1
15809	3	2
15810	1	2
15811	3	2
15821	2	3
15822	2	1
15833	2	3
15841	3	2
15847	2	3
15852	1	2
15865	2	3
15875	2	1
15877	3	2
15882	3	2
15884	2	3
15891	1	2
15897	2	1
15901	2	1
15902	2	3
15909	1	2
15927	3	2
15929	2	3
15932	1	2
15935	2	3
15940	2	3
15946	1	2
15967	2	1
15978	3	2
15980	3	2
15988	1	2
15993	1	2
15995	1	2
16007	2	1
16012	1	2
16014	3	2
16025	2	1
16027	1	2
16037	2	3
16043	2	1
16045	1	2
16046	2	3
16053	2	3
16061	2	3
16090	2	3
16099	2	1
16105	3	2
16109	3	2
16112	2	1
16123	3	2
16125	1	2
16133	2	3
16137	1	2
16140	1	2
16144	1	2
16145	1	2
16160	2	3
16168	2	1
16169	1	2
16183	3	2
16185	2	3
16189	2	3
16202	1	2
16222	2	1
16232	1	2
16240	3	2
16249	1	2
16251	2	1
16255	1	2
16256	1	2
16260	2	1
16264	1	2
16266	2	3
16272	1	2
16291	1	2
16299	1	2
16308	1	2
16311	3	2
16312	3	2
16314	1	2
16315	2	1
16324	3	2
16338	1	2
16349	3	2
16350	3	2
16351	2	1
16357	1	2
16401	1	2
16416	1	2
16419	3	2
16424	1	2
16432	1	2
16451	3	2
16465	3	2
16471	2	1
16476	3	2
16477	2	3
16478	1	2
16480	1	2
16481	1	2
16485	2	1
16512	3	2
16514	3	2
16529	2	3
16530	2	3
16531	3	2
16546	1	2
16560	3	2
16569	1	2
16585	3	2
16587	2	1
16628	2	1
16631	3	2
16643	2	3
16644	3	2
16648	2	3
16649	3	2
16666	2	1
16667	2	1
16670	3	2
16672	1	2
16676	1	2
16677	1	2
16682	3	2
16683	3	2
16685	2	3
16694	1	2
16695	2	1
16697	2	1
16698	2	1
16701	2	1
16706	2	1
16722	1	2
16723	1	2
16725	1	2
16727	3	2
16732	1	2
16738	2	3
16743	3	2
16744	2	3
16752	2	3
16753	3	2
16758	1	2
16779	1	2
16783	2	1
16809	2	1
16823	2	3
16828	1	2
16829	1	2
16831	2	1
16832	1	2
16851	1	2
16852	2	1
16853	2	1
16881	3	2
16894	2	1
16900	3	2
16909	2	3
16914	3	2
16924	1	2
16946	3	2
16952	2	3
16956	2	1
16982	2	1
16989	3	2
16995	3	2
16999	2	1
17018	3	2
17021	1	2
17028	3	2
17033	1	2
17038	1	2
17051	2	1
17053	2	1
17058	3	1
17070	1	2
17071	3	2
17083	3	2
17095	3	2
17096	3	2
17100	2	3
17105	2	3
17110	3	2
17128	3	2
17133	2	1
17147	2	1
17148	2	1
17161	3	2
17163	1	2
17166	1	2
17168	1	2
17169	1	2
17170	1	2
17171	1	2
17179	3	2
17187	2	3
17195	2	1
17216	2	1
17217	2	1
17219	1	2
17221	2	1
17222	1	2
17228	2	1
17239	2	3
17242	3	2
17251	1	2
17253	2	1
17264	2	1
17283	3	2
17285	2	3
17286	3	2
17287	2	3
17288	3	2
17309	1	2
17322	2	1
17328	1	2
17331	1	2
17336	2	3
17360	2	1
17366	2	1
17368	2	1
17369	2	1
17380	2	1
17397	2	3
17411	2	1
17412	2	1
17415	2	1
17417	1	3
17423	2	1
17435	1	2
17443	3	2
17447	2	1
17449	2	1
17456	2	1
17458	2	3
17465	1	2
17470	1	2
17471	2	1
17481	3	2
17488	1	2
17490	2	1
17492	2	3
17494	2	3
17498	3	2
17501	3	2
17503	2	1
17504	2	1
17506	2	3
17507	3	2
17509	2	3
17513	2	3
17518	3	2
17527	3	2
17533	2	1
17547	1	2
17548	2	1
17562	3	1
17564	2	1
17568	1	2
17587	2	3
17595	2	3
17596	3	2
17600	2	1
17604	1	2
17605	2	1
17608	2	3
17609	3	2
17611	3	2
17613	1	2
17621	2	1
17636	2	1
17642	2	3
17655	2	3
17676	2	1
17678	2	1
17688	2	1
17691	1	2
17704	2	1
17710	1	2
17712	2	3
17746	3	2
17752	2	3
17763	2	3
17796	3	2
17804	3	2
17814	2	1
17821	2	1
17824	1	2
17829	2	3
17831	2	1
17835	3	2
17837	1	2
17838	1	2
17845	1	3
17857	2	3
17861	2	3
17904	1	2
17907	3	2
17908	3	2
17915	2	3
17925	2	1
17926	2	1
17935	2	1
17939	3	2
17959	2	1
17960	2	1
17962	1	2
17971	2	1
17979	3	2
17981	2	3
17988	3	2
18001	1	2
18013	2	1
18024	3	2
18035	1	2
18046	2	3
18052	2	3
18065	2	1
18072	3	2
18076	3	2
18093	3	2
18098	3	2
18101	2	3
18103	3	2
18104	1	2
18105	1	2
18106	1	2
18117	1	3
18140	2	1
18148	1	2
18151	1	2
18159	3	2
18162	2	1
18163	1	2
18165	2	1
18167	2	1
18178	3	2
18186	2	1
18188	1	2
18196	1	2
18219	3	2
18220	3	2
18221	1	2
18222	1	2
18223	1	2
18229	2	1
18236	1	2
18250	1	2
18252	2	3
18266	2	1
18270	2	3
18272	3	2
18273	1	2
18274	1	2
18278	1	2
18283	1	2
18286	1	2
18309	3	1
18312	3	2
18314	3	2
18321	3	2
18325	1	2
18328	2	1
18331	1	2
18332	1	2
18353	2	3
18364	2	1
18374	1	2
18393	3	2
18402	2	3
18408	2	1
18412	2	3
18422	2	1
18433	1	2
18440	2	3
18448	2	1
18450	3	2
18451	3	2
18461	2	3
18476	2	1
18477	2	1
18487	2	3
18490	3	2
18495	3	2
18498	2	1
18501	1	2
18503	3	2
18504	2	3
18507	1	2
18511	3	2
18512	2	3
18513	2	3
18515	3	2
18530	3	2
18553	3	2
18554	2	3
18558	2	1
18570	1	2
18574	3	2
18599	1	2
18608	2	1
18628	3	2
18632	3	2
18640	2	1
18645	3	2
18654	3	2
18660	3	2
18664	3	2
18667	2	1
18673	1	2
18677	2	1
18691	2	1
18692	1	2
18694	1	2
18699	2	1
18703	3	2
18718	2	3
18722	3	2
18724	2	1
18726	3	2
18731	2	1
18732	1	2
18737	1	2
18739	2	1
18742	2	1
18748	2	3
18753	2	1
18756	2	1
18794	1	2
18796	1	2
18812	1	2
18851	3	2
18853	3	2
18854	2	3
18856	3	2
18861	1	2
18875	1	2
18876	1	2
18887	2	1
18889	2	1
18903	3	2
18904	1	2
18905	3	2
18906	3	2
18912	3	2
18913	2	3
18928	2	3
18932	1	2
18946	2	3
18947	1	2
18948	1	2
18949	2	3
18950	1	3
18952	2	1
18953	2	1
18958	1	2
18961	1	2
18968	3	2
18973	3	2
18975	2	3
18976	3	2
18982	2	1
18989	2	1
19000	2	1
19005	2	3
19010	1	2
19015	2	3
19018	3	2
19020	3	2
19023	3	2
19035	2	3
19036	3	2
19046	3	2
19051	2	1
19054	1	2
19058	3	2
19065	2	1
19085	2	3
19089	2	3
19091	1	2
19095	3	2
19102	2	1
19106	1	2
19111	1	2
19116	2	3
19118	3	2
19119	2	3
19120	3	1
19121	2	1
19124	1	2
19131	1	2
19135	2	1
19137	2	1
19141	2	1
19143	2	1
19146	2	1
19155	2	3
19160	3	2
19173	2	1
19179	3	2
19183	3	2
19185	2	1
19187	2	1
19189	2	1
19197	2	3
19200	2	1
19205	3	2
19212	3	2
19215	3	2
19216	3	2
19220	3	2
19229	2	3
19240	3	2
19253	2	3
19263	2	3
19272	3	2
19277	2	3
19278	2	1
19284	1	2
19288	2	1
19289	1	2
19296	2	3
19300	1	2
19313	1	2
19319	2	3
19329	2	3
19330	2	3
19331	1	2
19336	1	2
19337	2	1
19359	3	2
19373	1	2
19380	3	2
19384	1	2
19400	3	2
19403	3	2
19419	1	2
19431	2	1
19432	2	1
19459	1	2
19465	1	2
19469	2	3
19473	3	2
19477	2	3
19479	2	3
19482	2	3
19502	1	2
19503	2	3
19505	3	2
19508	2	1
19509	3	2
19515	1	2
19534	2	3
19536	3	2
19538	3	2
19541	2	3
19548	1	2
19549	1	2
19565	2	1
19567	1	2
19575	3	2
19579	1	2
19585	2	1
19586	1	2
19592	1	2
19606	3	2
19610	3	1
19611	2	3
19636	3	2
19643	3	2
19660	1	2
19661	3	2
19662	2	3
19671	3	2
19677	3	2
19679	2	1
19684	1	3
19688	2	1
19689	2	1
19707	2	1
19710	3	2
19715	2	3
19720	2	1
19736	1	2
19742	2	3
19772	2	1
19773	3	2
19774	2	3
19785	3	2
19791	2	3
19794	2	3
19795	3	2
19822	2	1
19826	1	2
19829	2	1
19830	1	2
19845	2	1
19851	3	2
19860	2	1
19871	1	2
19879	3	2
19890	1	2
19892	2	3
19897	2	1
19926	2	3
19927	3	2
19929	2	3
19931	1	3
19932	2	3
19946	1	2
19966	3	2
19984	3	2
19987	3	2
19988	3	2
19989	3	2
19995	1	2
19996	1	2
19999	1	2
20009	2	1
20014	2	1
20016	3	2
20024	1	2
20026	3	2
20034	3	2
20036	2	3
20056	2	1
20062	3	2
20069	3	2
20070	3	2
20076	2	1
20089	3	2
20098	2	3
20102	1	2
20126	3	2
20141	3	1
20142	3	1
20144	2	1
20146	3	2
20149	3	2
20155	3	2
20173	2	3
20178	3	2
20187	1	2
20207	1	2
20221	2	1
20225	3	2
20227	1	2
20229	1	2
20234	2	1
20235	1	2
20239	1	2
20241	1	2
20252	2	1
20261	1	2
20278	2	1
20279	1	2
20283	2	1
20286	2	1
20295	2	1
20296	2	1
20301	1	2
20307	1	2
20316	3	2
20326	3	2
20327	2	3
20329	2	1
20332	2	1
20333	3	2
20339	3	2
20343	1	2
20353	1	2
20368	3	2
20380	1	2
20385	3	2
20407	1	2
20416	3	1
20419	2	3
20423	2	3
20424	3	2
20425	2	1
20427	1	2
20433	2	1
20435	2	1
20436	1	2
20440	2	3
20447	1	2
20448	2	1
20453	3	2
20454	2	3
20455	1	2
20462	2	3
20474	3	2
20501	2	3
20506	1	2
20512	3	2
20519	2	1
20520	1	2
20528	1	2
20531	3	2
20533	3	2
20550	2	3
20554	3	2
20558	1	2
20564	1	2
20587	2	1
20599	1	2
20601	2	1
20602	2	3
20627	1	2
20642	2	3
20644	1	3
20646	2	1
20658	3	2
20676	1	2
20677	2	3
20681	3	2
20682	3	2
20688	2	3
20693	3	2
20694	2	3
20696	2	3
20708	2	3
20715	1	2
20716	1	2
20731	3	2
20733	1	2
20737	2	1
20739	2	1
20744	2	1
20750	2	3
20754	3	2
20756	3	2
20778	3	2
20822	1	2
20824	3	2
20828	3	2
20830	2	3
20834	2	3
20835	1	2
20836	2	1
20846	3	2
20848	1	2
20854	2	1
20857	1	2
20872	3	2
20895	1	2
20896	2	1
20915	3	2
20916	2	3
20919	3	2
20925	3	2
20939	3	2
20952	3	2
20953	2	1
20955	3	2
20960	2	1
20967	2	1
20974	2	3
20975	2	3
20976	2	1
20981	1	2
20982	2	3
21009	3	2
21011	2	3
21014	2	1
21016	1	2
21017	1	2
21027	1	2
21029	1	2
21031	3	2
21033	1	2
21039	1	2
21040	3	2
21045	2	1
21050	3	2
21064	1	2
21076	2	1
21090	1	2
21109	3	2
21119	1	2
21125	2	3
21129	3	2
21133	1	2
21140	1	2
21147	2	3
21154	2	3
21161	1	2
21162	2	1
21167	2	1
21183	3	2
21188	2	1
21189	1	2
21208	3	2
21217	3	2
21219	3	2
21221	3	2
21222	2	3
21225	2	1
21228	1	2
21243	2	1
21245	1	2
21254	1	2
21257	2	1
21274	2	1
21282	1	2
21289	3	2
21292	2	1
21297	2	1
21299	1	2
21310	3	2
21313	2	1
21318	2	1
21332	3	2
21344	1	2
21350	3	2
21359	1	2
21360	1	2
21362	1	2
21364	1	3
21365	3	2
21367	3	1
21373	2	3
21384	2	3
21389	2	3
21393	2	3
21395	2	3
21407	1	2
21411	2	1
21414	1	2
21418	1	2
21429	2	1
21431	1	3
21434	3	2
21437	1	2
21452	2	1
21455	1	2
21476	2	1
21477	2	1
21484	3	2
21487	2	3
21494	3	2
21498	2	3
21499	3	2
21507	3	2
21512	2	3
21520	2	3
21521	2	3
21522	2	3
21543	3	2
21558	2	1
21559	1	2
21560	2	1
21564	2	3
21594	3	2
21598	1	2
21599	3	2
21610	2	3
21632	1	2
21634	1	2
21640	3	2
21644	3	2
21645	2	3
21666	3	2
21668	2	3
21673	2	3
21681	2	3
21701	3	2
21719	2	1
21729	3	2
21739	3	2
21744	1	2
21748	2	1
21749	1	2
21759	2	1
21771	2	1
21796	2	3
21809	1	2
21815	1	2
21833	3	2
21835	1	2
21839	1	2
21841	1	2
21844	2	1
21849	1	2
21852	1	2
21856	1	2
21864	1	2
21879	1	2
21881	1	2
21882	1	2
21886	2	1
21887	2	3
21889	2	3
21890	2	1
21891	2	3
21892	3	2
21898	2	3
21902	3	2
21907	2	1
21910	3	2
21914	2	3
21915	3	2
21916	3	2
21917	1	2
21927	3	2
21943	3	2
21949	3	2
21950	3	2
21958	2	3
21959	1	2
21964	2	1
21982	2	3
21989	3	2
21992	1	2
21995	3	2
21999	3	2
22010	3	2
22011	3	1
22022	3	2
22031	1	2
22039	2	1
22049	2	3
22059	2	1
22070	2	3
22071	3	2
22078	1	2
22081	3	2
22084	3	2
22087	2	3
22090	1	2
22091	1	2
22112	2	1
22114	3	1
22116	3	2
22120	1	2
22121	1	2
22124	1	2
22125	1	2
22126	2	3
22131	1	2
22133	3	2
22136	1	2
22156	1	2
22158	1	2
22161	3	2
22162	3	2
22172	2	3
22195	2	1
22196	1	2
22210	2	3
22214	3	1
22215	1	3
22216	1	3
22221	2	1
22234	1	2
22237	2	3
22238	3	2
22239	2	3
22245	2	3
22261	1	2
22274	2	1
22286	2	1
22287	1	2
22326	3	2
22329	3	2
22331	1	2
22332	2	1
22335	2	3
22349	1	2
22350	2	1
22364	1	2
22396	2	1
22414	3	2
22416	2	1
22417	2	1
22424	1	2
22432	2	3
22436	3	2
22455	3	2
22457	1	2
22462	3	2
22466	2	1
22479	1	2
22486	1	2
22487	3	2
22495	3	2
22501	3	2
22514	1	2
22522	2	3
22523	2	3
22526	1	2
22532	2	1
22539	2	1
22541	2	3
22545	3	2
22546	3	2
22547	3	2
22556	2	1
22558	1	2
22560	1	2
22562	1	2
22563	1	2
22570	1	2
22571	2	1
22574	3	2
22587	2	1
22594	2	3
22601	2	3
22602	2	3
22607	2	1
22613	1	2
22618	2	3
22619	3	2
22622	1	2
22631	2	3
22633	2	3
22639	3	2
22647	2	1
22648	2	1
22649	1	2
22653	1	2
22662	2	1
22682	2	1
22690	1	2
22705	1	2
22712	2	3
22715	3	2
22722	1	2
22729	2	1
22731	1	2
22734	1	2
22742	1	2
22756	1	2
22758	1	2
22764	3	2
22765	3	2
22769	2	3
22771	2	3
22772	2	3
22776	3	2
22784	3	2
22790	3	2
22799	3	2
22803	2	3
22816	1	2
22819	1	2
22826	2	3
22841	3	2
22852	2	1
22861	3	2
22873	2	1
22874	1	2
22877	1	2
22878	2	1
22879	3	2
22884	2	1
22885	1	2
22888	3	2
22889	2	3
22890	2	1
22896	2	1
22903	2	3
22923	3	2
22925	3	1
22928	1	2
22936	1	2
22943	2	3
22945	3	2
22951	3	2
22958	2	3
22959	2	1
22963	1	2
22967	2	1
22976	2	1
22990	2	1
22991	3	2
22997	1	2
23008	1	2
23009	2	1
23011	2	1
23019	1	2
23031	2	1
23033	2	3
23039	1	2
23045	3	2
23047	1	2
23070	3	2
23087	2	1
23088	1	2
23102	1	2
23116	1	2
23120	1	3
23141	2	3
23151	3	2
23152	3	2
23155	2	1
23157	3	2
23164	3	2
23178	3	2
23187	1	2
23192	3	2
23209	2	3
23216	2	3
23221	2	1
23228	2	3
23239	1	2
23240	1	2
23241	1	2
23245	1	2
23261	1	2
23273	2	3
23274	2	3
23280	1	3
23285	3	2
23286	2	3
23288	2	3
23289	3	2
23292	3	2
23293	2	3
23297	3	2
23301	1	3
23302	2	3
23303	3	2
23304	1	2
23305	2	3
23308	3	2
23325	3	2
23326	2	3
23336	2	1
23361	3	2
23373	1	2
23379	3	2
23381	3	2
23383	3	2
23406	2	3
23408	2	3
23417	2	1
23418	1	2
23421	2	3
23426	1	2
23429	1	2
23436	2	3
23446	2	1
23455	3	2
23464	2	1
23467	2	3
23476	1	3
23477	2	3
23479	2	1
23481	2	1
23483	1	2
23499	1	2
23501	2	3
23502	2	3
23506	2	3
23511	1	2
23520	2	1
23533	2	1
23549	2	1
23553	2	1
23556	1	2
23561	2	3
23566	3	2
23568	2	1
23589	3	2
23597	3	2
23602	1	2
23616	3	2
23618	2	3
23633	2	3
23639	1	2
23647	1	2
23655	2	1
23667	1	2
23671	2	3
23675	3	2
23680	2	1
23683	2	3
23685	3	2
23691	1	2
23694	1	2
23696	1	2
23698	2	3
23699	2	3
23700	2	1
23705	2	3
23709	2	3
23713	3	1
23716	2	3
23718	3	2
23720	3	2
23750	2	1
23764	2	1
23767	2	3
23768	3	2
23770	2	3
23787	2	3
23789	3	2
23819	1	2
23829	3	2
23846	1	2
23847	3	2
23863	2	1
23875	3	2
23876	2	1
23880	2	3
23881	3	2
23886	3	2
23895	3	2
23900	1	2
23903	3	2
23904	3	2
23946	2	3
23954	2	3
23961	2	3
23989	2	1
23990	1	2
24003	2	1
24004	1	2
24017	2	3
24024	2	3
24027	1	2
24044	2	1
24048	1	2
24049	3	2
24050	3	2
24057	2	1
24063	1	2
24068	1	2
24070	3	2
24073	1	2
24075	2	1
24095	1	2
24096	1	2
24107	2	3
24108	3	2
24115	3	2
24117	2	1
24125	2	1
24128	2	1
24131	3	1
24140	2	3
24141	3	2
24142	2	3
24146	2	3
24154	3	2
24155	2	1
24156	2	1
24168	2	3
24170	2	3
24182	3	2
24183	3	2
24185	2	3
24193	2	1
24198	2	1
24201	2	3
24214	1	2
24215	1	2
24219	2	1
24234	1	2
24241	2	3
24242	3	2
24245	3	2
24253	2	1
24259	3	2
24260	2	3
24262	3	2
24264	3	2
24269	2	3
24270	3	2
24271	2	3
24273	1	2
24288	2	1
24294	2	3
24298	1	2
24299	2	1
24303	1	2
24304	1	2
24306	1	2
24308	3	2
24312	2	3
24315	3	2
24317	1	2
24327	2	1
24334	1	2
24335	1	2
24347	1	2
24348	2	1
24349	2	1
24351	1	2
24356	1	2
24361	1	2
24362	2	1
24390	3	2
24395	1	2
24397	1	2
24398	3	2
24401	3	2
24408	1	2
24422	2	1
24430	1	2
24433	1	2
24437	1	2
24438	1	2
24445	3	2
24453	3	2
24458	1	2
24459	1	2
24472	2	3
24475	3	2
24476	3	2
24477	3	2
24481	2	3
24485	2	3
24486	2	3
24487	3	2
24489	3	2
24517	1	2
24521	3	2
24557	3	2
24558	3	2
24560	1	2
24561	3	2
24563	3	2
24566	3	2
24583	2	3
24602	1	2
24603	1	2
24606	1	2
24611	2	3
24626	2	3
24637	2	1
24639	2	1
24640	3	2
24643	1	2
24645	3	2
24654	1	2
24686	3	2
24692	1	2
24697	3	2
24699	2	1
24701	2	3
24704	1	2
24706	1	2
24710	1	2
24712	1	2
24720	2	1
24742	2	3
24756	2	1
24757	2	1
24769	1	2
24776	2	1
24784	1	2
24785	1	2
24787	2	3
24803	2	1
24811	1	2
24815	3	2
24819	3	2
24823	1	2
24829	1	2
24845	2	1
24851	2	3
24860	1	2
24865	2	1
24880	3	2
24881	3	2
24882	1	2
24886	2	3
24893	2	1
24910	2	1
24926	1	2
24937	1	2
24948	1	2
24953	2	3
24954	2	3
24984	1	2
24993	2	3
24999	2	3
25002	1	2
25014	2	1
25018	2	3
25024	1	2
25026	1	2
25041	3	2
25045	3	2
25053	2	1
25054	2	3
25055	1	2
25059	2	1
25071	1	2
25073	3	2
25087	3	2
25088	3	2
25108	2	3
25109	3	1
25115	1	2
25117	2	1
25121	2	3
25123	2	1
25136	3	2
25140	2	3
25142	1	3
25143	3	2
25146	2	3
25150	2	3
25161	3	2
25164	3	2
25165	2	3
25168	3	2
25174	2	3
25179	3	2
25180	2	1
25186	2	3
25188	2	3
25195	2	1
25208	1	2
25211	3	2
25216	1	2
25222	2	1
25224	1	2
25228	1	2
25231	3	2
25233	3	2
25234	2	3
25248	3	2
25260	2	1
25269	2	1
25275	3	2
25286	1	2
25292	3	2
25296	1	2
25299	3	2
25319	2	1
25320	1	2
25321	3	2
25335	2	3
25340	3	2
25342	2	1
25344	2	3
25357	3	2
25360	3	2
25364	3	2
25368	1	2
25372	2	1
25373	1	2
25376	2	1
25377	2	1
25383	2	3
25388	3	2
25395	2	3
25418	2	3
25419	3	2
25421	2	3
25422	3	1
25425	3	1
25427	2	3
25431	1	2
25432	2	1
25433	2	1
25434	1	2
25443	3	2
25446	2	3
25447	2	3
25448	3	2
25466	1	2
25471	3	2
25473	1	2
25475	1	2
25479	3	2
25481	1	2
25494	1	2
25514	3	2
25516	2	3
25517	3	2
25519	3	2
25521	2	1
25522	1	2
25524	2	1
25527	2	1
25530	2	3
25532	2	3
25535	1	2
25542	1	2
25543	1	2
25548	1	2
25568	1	2
25570	3	1
25571	3	1
25577	2	1
25592	1	2
25610	1	2
25612	2	3
25617	2	1
25625	1	2
25632	2	3
25638	3	2
25644	2	3
25648	2	3
25655	1	2
25657	1	2
25672	2	3
25677	2	1
25678	2	1
25689	3	2
25694	2	1
25700	2	3
25709	2	1
25724	1	2
25738	1	2
25741	1	3
25781	3	2
25783	2	3
25794	3	2
25801	3	2
25824	3	2
25830	2	3
25836	3	2
25837	3	2
25841	1	2
25844	2	1
25845	2	3
25849	2	3
25851	1	2
25860	2	3
25862	2	3
25870	1	2
25887	1	2
25900	1	3
25901	3	1
25923	3	2
25930	2	3
25932	1	2
25934	2	1
25940	2	1
25941	3	2
25945	3	2
25951	1	2
25957	2	1
25960	2	1
25961	3	2
25978	2	3
25980	3	2
25991	1	2
26002	2	1
26003	2	1
26007	2	1
26014	2	3
26023	2	3
26025	3	2
26037	1	2
26038	2	3
26039	3	2
26049	2	3
26054	2	3
26057	2	1
26058	1	2
26064	3	2
26081	2	3
26083	2	3
26084	3	2
26092	2	3
26093	3	2
26094	2	3
26098	3	2
26127	1	2
26130	2	3
26133	2	1
26136	3	2
26149	2	3
26151	3	2
26170	1	2
26181	3	2
26183	3	2
26188	1	2
26195	2	1
26201	3	2
26212	1	2
26217	1	2
26229	1	2
26230	1	2
26234	2	1
26238	2	3
26239	3	2
26257	2	1
26270	1	2
26272	1	3
26273	2	3
26276	2	1
26279	1	2
26288	2	1
26300	2	3
26302	3	2
26304	3	2
26308	3	2
26312	3	1
26315	1	2
26316	2	1
26317	1	2
26329	2	1
26334	3	2
26342	2	1
26369	3	2
26371	3	2
26372	1	2
26373	1	2
26379	3	2
26380	1	2
26382	2	3
26391	2	1
26393	2	1
26427	2	3
26429	1	3
26437	3	2
26438	2	3
26440	3	2
26441	3	2
26451	2	1
26452	2	1
26457	3	2
26461	3	2
26477	2	1
26480	1	2
26483	2	1
26484	2	1
26491	2	3
26494	2	1
26497	3	2
26508	2	1
26542	1	2
26544	2	1
26548	1	2
26550	1	2
26562	2	1
26565	2	1
26566	2	1
26576	2	1
26577	1	2
26578	1	2
26585	3	2
26589	1	2
26590	2	1
26591	3	2
26598	2	1
26620	1	2
26623	3	2
26624	3	2
26627	3	2
26628	2	1
26631	2	1
26634	2	3
26635	3	2
26639	2	3
26641	2	3
26650	1	2
26664	2	1
26666	1	2
26678	3	2
26681	1	3
26682	3	2
26685	2	3
26687	2	3
26699	2	3
26716	3	2
26721	2	3
26722	3	2
26723	2	1
26725	2	1
26741	1	2
26744	2	1
26746	3	2
26759	1	2
26764	2	1
26766	3	2
26769	2	3
26770	1	2
26771	1	2
26778	1	2
26779	1	2
26788	2	3
26791	1	2
26796	2	1
26803	1	2
26813	2	3
26815	2	3
26823	1	2
26828	3	2
26843	3	2
26850	1	2
26851	2	3
26854	3	1
26855	3	2
26856	2	1
26860	1	2
26861	2	1
26863	2	3
26865	2	1
26866	1	2
26908	2	1
26911	2	3
26914	2	1
26916	1	2
26918	2	1
26922	2	3
26934	3	2
26940	1	2
26941	1	2
26948	2	3
26954	1	2
26956	2	1
26968	1	2
26969	2	1
26982	2	3
26991	2	1
26993	1	2
27007	3	2
27010	3	2
27013	2	3
27014	2	3
27030	1	3
27037	2	3
27039	2	1
27043	2	3
27051	1	2
27052	2	1
27053	1	2
27054	2	1
27059	3	2
27061	1	2
27067	2	1
27071	3	2
27072	2	3
27073	2	3
27076	2	3
27085	1	2
27086	2	1
27092	2	1
27105	1	2
27112	2	3
27120	3	2
27125	2	3
27126	2	3
27133	1	2
27134	3	1
27141	2	1
27143	3	2
27153	3	2
27162	1	2
27181	3	2
27183	1	2
27184	2	1
27185	1	2
27187	1	2
27190	1	2
27212	2	1
27235	2	3
27238	2	3
27266	3	2
27271	3	2
27274	2	3
27284	2	3
27288	3	2
27292	3	2
27304	3	2
27324	2	1
27329	3	2
27330	3	2
27347	1	2
27348	1	2
27350	3	2
27356	2	1
27359	3	2
27361	2	3
27383	2	3
27390	1	2
27400	1	2
27401	2	1
27425	3	2
27433	2	1
27434	1	2
27446	2	1
27450	2	1
27451	2	1
27463	1	2
27476	3	2
27478	2	3
27482	2	3
27503	2	3
27513	1	2
27520	1	2
27530	2	1
27534	1	2
27537	1	2
27538	1	2
27541	3	2
27563	1	2
27564	1	2
27589	2	3
27591	3	2
27594	2	3
27595	3	2
27603	3	2
27606	3	2
27617	2	1
27618	2	1
27619	3	2
27640	2	1
27655	1	2
27656	2	3
27662	2	1
27665	1	2
27669	2	3
27671	2	3
27688	2	1
27701	2	3
27706	3	2
27725	2	3
27737	3	2
27738	3	2
27741	3	2
27745	2	1
27752	1	2
27754	2	3
27758	3	2
27771	3	2
27777	2	3
27791	2	3
27797	1	2
27798	2	1
27818	1	2
27825	1	2
27850	1	2
27851	1	2
27866	1	2
27870	3	2
27873	1	2
27892	3	2
27894	3	2
27909	3	2
27924	1	2
27926	2	1
27933	2	1
27936	3	2
27939	1	2
27940	2	1
27944	3	2
27948	1	2
27959	2	1
27967	1	2
27970	2	3
27971	3	2
27973	1	2
27976	1	2
27983	2	3
27984	2	3
27993	3	2
28000	3	2
28014	1	2
28017	1	2
28023	1	2
28032	2	3
28035	2	1
28063	2	1
28067	1	2
28068	2	3
28077	3	2
28080	2	1
28107	1	2
28113	1	2
28117	2	1
28120	2	1
28126	3	2
28129	1	2
28133	1	2
28140	1	2
28146	1	2
28155	2	3
28170	1	2
28172	2	1
28177	2	1
28179	3	2
28182	2	3
28187	1	2
28195	2	3
28200	3	2
28218	1	2
28219	2	1
28221	1	2
28222	1	2
28236	2	1
28240	3	2
28270	2	1
28273	1	2
28274	3	2
28279	3	2
28290	2	1
28292	2	3
28294	2	1
28305	2	1
28307	3	2
28310	3	2
28313	1	2
28321	2	1
28330	3	2
28331	3	2
28335	3	2
28339	3	2
28346	2	3
28347	2	3
28360	2	3
28361	2	1
28374	1	2
28377	2	1
28380	3	2
28381	2	3
28388	3	2
28397	2	1
28417	2	3
28421	3	2
28426	3	2
28427	2	3
28448	2	1
28449	1	2
28451	2	3
28468	2	1
28469	1	2
28470	1	2
28472	2	1
28477	2	1
28478	2	1
28484	3	1
28486	1	2
28488	2	1
28496	1	2
28507	3	2
28520	1	2
28522	2	1
28524	1	3
28540	1	2
28552	2	1
28562	3	2
28569	3	2
28570	3	2
28582	3	2
28585	2	3
28601	3	2
28609	3	2
28621	2	1
28628	1	2
28644	1	2
28665	3	2
28670	2	1
28694	2	3
28705	2	3
28713	3	2
28735	1	2
28741	3	2
28764	2	3
28765	2	3
28779	2	3
28791	3	1
28792	2	3
28794	2	1
28809	2	1
28816	1	2
28817	2	1
28818	2	1
28823	2	1
28824	1	2
28826	3	2
28831	1	2
28832	1	2
28849	3	2
28851	3	2
28857	2	3
28858	2	3
28862	2	1
28867	3	2
28871	1	2
28872	1	2
28873	2	1
28876	2	1
28879	2	1
28891	2	1
28892	1	2
28893	3	2
28895	3	2
28903	2	3
28909	3	2
28922	2	1
28945	3	2
28949	2	3
28950	3	2
28956	1	2
28975	2	1
28984	2	3
28989	1	2
29007	1	2
29013	1	2
29025	1	2
29028	2	1
29029	1	2
29030	3	2
29033	3	2
29035	1	2
29037	3	2
29041	1	2
29045	2	3
29061	2	1
29064	2	1
29069	3	2
29076	1	2
29102	3	2
29105	2	3
29114	1	2
29120	1	2
29121	2	1
29145	2	1
29150	2	3
29153	1	2
29154	2	1
29155	2	3
29160	3	2
29164	1	2
29165	2	1
29197	3	2
29198	2	3
29201	2	3
29206	2	1
29214	3	2
29215	2	3
29218	3	2
29236	1	2
29244	3	2
29248	3	2
29250	3	2
29253	3	2
29255	3	2
29263	3	2
29282	2	1
29283	1	2
29288	1	2
29293	2	3
29295	1	2
29298	2	3
29303	2	1
29319	3	2
29324	3	2
29325	2	1
29344	2	3
29354	2	3
29356	2	3
29357	3	2
29362	1	2
29363	1	2
29374	2	1
29378	2	1
29382	1	2
29383	1	2
29388	2	3
29398	3	2
29399	3	2
29402	2	1
29403	1	2
29408	2	3
29420	1	2
29421	3	2
29428	3	2
29429	2	3
29430	2	3
29435	3	2
29438	2	3
29446	2	1
29451	3	2
29472	3	2
29484	1	2
29492	3	2
29493	3	2
29494	1	2
29500	2	1
29502	1	2
29514	1	2
29515	1	2
29516	1	2
29529	2	3
29545	1	2
29548	2	1
29553	1	2
29554	1	2
29578	2	3
29586	1	2
29627	1	2
29636	2	3
29637	2	3
29641	1	2
29648	1	2
29649	1	2
29660	3	2
29662	3	2
29663	2	1
29664	2	3
29666	3	1
29677	1	2
29678	1	2
29687	3	2
29700	2	1
29705	2	3
29707	3	2
29712	1	2
29713	3	2
29716	2	1
29717	2	1
29727	1	2
29728	2	1
29730	1	2
29735	1	2
29745	3	2
29748	2	3
29751	1	2
29755	1	2
29760	3	2
29776	2	1
29778	3	2
29779	2	1
29781	1	2
29784	3	2
29791	3	2
29796	2	1
29799	2	1
29802	1	2
29810	1	2
29815	1	2
29819	1	2
29821	3	1
29825	3	2
29826	1	2
29828	3	1
29832	1	2
29856	3	2
29857	2	3
29858	2	3
29866	3	2
29880	2	3
29886	3	2
29888	3	2
29890	3	1
29891	1	3
29892	2	1
29897	1	2
29910	3	2
29940	1	2
29944	1	2
29946	2	3
29947	2	1
29953	2	1
29970	3	2
29978	2	1
29990	2	1
29997	1	2
30001	2	3
30004	2	3
30010	1	2
30014	1	2
30017	1	2
30039	3	2
30040	3	2
30044	1	2
30053	3	2
30054	2	3
30056	2	3
30061	2	1
30063	2	1
30064	1	2
30073	3	2
30085	3	2
30086	2	3
30090	3	2
30115	2	3
30122	1	2
30129	1	2
30132	1	2
30135	2	1
30137	2	1
30142	1	2
30148	3	2
30150	2	3
30151	3	2
30160	3	2
30166	3	2
30167	2	3
30178	2	1
30180	1	2
30181	1	2
30186	2	1
30189	2	3
30190	1	2
30191	2	3
30197	3	2
30200	2	3
30207	1	2
30215	2	3
30216	2	3
30218	2	1
30229	2	3
30243	2	3
30246	2	3
30247	3	2
30248	2	3
30257	2	1
30261	2	3
30269	1	2
30270	2	1
30272	2	1
30274	1	2
30285	2	1
30323	1	2
30327	1	2
30329	1	2
30342	3	2
30345	2	1
30352	2	3
30353	3	2
30359	2	1
30383	2	1
30386	2	1
30394	2	1
30400	1	2
30401	1	2
30423	1	2
30429	1	2
30430	1	2
30432	2	1
30442	3	2
30456	2	3
30477	1	2
30488	1	2
30489	1	2
30490	1	2
30494	3	2
30495	2	3
30500	2	1
30510	2	3
30519	2	3
30521	2	3
30542	3	2
30544	3	2
30559	2	1
30560	1	2
30578	2	3
30579	2	3
30581	3	2
30588	2	1
30604	1	2
30607	1	2
30613	2	3
30617	1	2
30620	2	3
30627	1	2
30628	1	2
30635	2	3
30639	1	2
30640	2	1
30641	2	1
30644	2	3
30650	1	2
30659	1	2
30661	2	1
30667	1	2
30670	2	1
30684	3	2
30695	1	2
30700	1	2
30707	2	1
30712	2	3
30718	1	2
30719	1	2
30724	3	2
30728	3	2
30729	2	3
30737	3	2
30738	2	1
30743	2	3
30744	3	2
30746	3	2
30759	3	2
30763	2	1
30767	2	1
30794	3	2
30798	3	2
30804	1	2
30805	2	1
30807	1	2
30817	2	3
30820	3	2
30826	1	2
30832	1	2
30834	2	1
30853	2	3
30854	1	2
30858	1	2
30866	2	3
30870	3	2
30872	2	3
30873	2	3
30875	3	2
30885	1	2
30902	3	2
30904	3	2
30915	1	2
30919	3	2
30932	3	2
30935	3	2
30937	1	2
30948	2	1
30953	2	3
30967	1	2
30988	2	3
30990	2	3
30993	1	2
30994	1	2
31001	1	2
31012	2	3
31027	3	2
31058	1	2
31060	1	2
31064	3	2
31073	3	2
31090	2	3
31104	2	1
31115	3	2
31119	3	2
31121	2	3
31128	1	2
31141	2	1
31147	3	2
31148	2	1
31149	2	3
31164	1	2
31166	1	2
31178	1	2
31179	3	2
31180	3	2
31185	2	1
31194	3	2
31200	1	2
31202	2	1
31218	2	1
31219	2	3
31222	1	2
31230	2	3
31249	2	1
31250	2	1
31268	2	3
31280	3	2
31284	3	2
31287	3	2
31298	2	3
31305	3	2
31310	2	1
31324	3	1
31337	1	2
31343	1	2
31350	3	2
31359	3	2
31392	2	1
31395	2	1
31397	1	2
31398	2	1
31402	1	2
31405	2	3
31411	2	3
31413	3	2
31416	3	2
31418	3	2
31419	3	2
31424	3	2
31427	2	1
31431	2	1
31453	2	1
31455	2	1
31457	1	2
31459	2	3
31465	1	2
31467	1	2
31473	3	2
31486	1	2
31492	3	1
31493	3	2
31508	2	1
31515	3	2
31525	2	3
31538	2	3
31545	2	1
31551	1	2
31564	1	2
31565	1	2
31566	2	1
31567	2	1
31573	1	2
31583	1	2
31586	2	3
31588	3	2
31602	1	2
31604	1	3
31609	2	3
31611	2	3
31612	1	2
31615	1	2
31623	2	1
31624	3	2
31625	2	3
31627	2	1
31629	3	2
31633	1	2
31634	1	2
31641	3	2
31644	2	3
31646	1	2
31649	1	2
31650	1	2
31669	2	3
31674	2	3
31675	3	2
31677	3	2
31684	1	2
31692	2	3
31693	2	3
31697	3	2
31719	1	2
31722	3	2
31724	2	3
31725	2	1
31728	2	1
31730	1	2
31733	1	2
31737	2	3
31738	3	2
31742	1	2
31763	1	2
31783	3	2
31786	3	2
31788	2	1
31791	1	2
31792	2	3
31798	2	3
31842	3	2
31843	3	2
31869	1	2
31870	1	2
31882	3	2
31884	2	3
31890	1	3
31891	2	3
31903	2	1
31917	1	2
31918	1	2
31928	1	2
31931	2	3
31958	2	3
31959	2	3
31973	1	2
31984	3	2
31985	2	3
31993	1	2
31994	2	1
31998	2	1
32031	2	1
32038	2	1
32041	2	3
32044	3	2
32045	2	3
32060	1	2
32061	2	1
32072	3	2
32099	3	2
32103	3	2
32118	1	2
32129	3	2
32131	3	2
32132	2	3
32137	3	2
32139	2	1
32146	1	2
32149	3	2
32153	1	2
32157	1	2
32162	3	2
32166	2	3
32169	2	1
32172	1	2
32200	2	1
32206	3	2
32220	2	1
32221	2	1
32232	2	3
32233	2	3
32238	2	1
32239	2	3
32244	2	3
32245	1	2
32248	2	3
32251	1	3
32257	2	3
32258	2	3
32268	1	2
32272	3	2
32286	2	3
32289	2	3
32307	2	3
32308	2	3
32310	2	3
32314	1	2
32317	1	2
32326	1	2
32327	1	2
32331	3	2
32332	2	3
32334	2	3
32337	2	3
32343	1	2
32347	1	2
32348	2	1
32352	1	2
32354	3	2
32356	2	3
32360	3	2
32365	2	3
32378	2	1
32383	1	2
32385	1	3
32387	2	3
32389	2	1
32396	1	2
32402	2	1
32403	1	2
32417	1	3
32419	1	3
32423	3	2
32432	2	3
32437	2	1
32447	2	1
32449	1	2
32457	1	2
32465	2	1
32471	2	1
32473	1	2
32474	1	2
32476	2	3
32487	3	2
32489	1	2
32495	2	3
32498	1	2
32503	3	2
32523	1	2
32524	2	3
32528	1	2
32534	3	2
32535	1	2
32537	2	3
32547	2	3
32548	2	3
32565	3	2
32569	1	2
32571	1	2
32572	1	2
32574	3	2
32581	3	2
32582	3	2
32587	1	2
32598	3	2
32600	3	2
32603	2	3
32608	1	2
32609	2	1
32612	2	1
32617	2	1
32630	2	3
32631	2	3
32632	2	1
32638	3	2
32670	2	1
32681	2	1
32682	2	1
32692	1	2
32697	1	2
32704	1	2
32707	3	2
32710	2	3
32713	2	3
32715	2	3
32716	3	2
32720	3	2
32733	2	3
32734	3	2
32735	1	2
32739	3	2
32742	3	2
32760	1	2
32777	2	3
32782	3	2
32784	3	2
32785	2	3
32786	2	3
32787	2	3
32791	2	3
32803	3	2
32806	1	3
32807	2	1
32808	2	1
32810	3	1
32816	2	3
32822	3	2
32835	3	1
32838	1	2
32849	1	2
32853	2	1
32854	1	3
32855	2	1
32858	1	2
32871	2	3
32872	3	2
32881	2	3
32885	2	3
32899	3	2
32908	2	1
32911	3	2
32916	2	1
32936	1	2
32943	2	3
32947	3	2
32950	1	2
32959	2	3
32960	1	2
32962	1	2
32963	1	2
32964	1	2
32975	2	1
32980	2	1
32983	2	3
32984	3	2
32986	3	2
32994	3	2
32999	3	2
33005	3	2
33006	3	2
33007	3	2
33011	1	2
33024	3	2
33027	2	1
33030	1	2
33042	2	3
33045	1	2
33046	2	1
33047	2	1
33052	2	1
33058	1	2
33063	1	2
33074	1	2
33075	1	2
33079	3	2
33084	3	2
33090	1	2
33091	2	1
33099	1	2
33103	3	2
33108	3	2
33124	2	1
33125	2	3
33127	2	3
33129	3	2
33137	2	1
33138	2	1
33154	3	2
33157	2	3
33159	1	2
33172	3	2
33173	2	3
33185	1	2
33188	2	1
33191	1	2
33197	2	1
33199	1	2
33205	1	2
33206	2	1
33207	2	3
33217	3	2
33222	1	2
33225	2	1
33228	3	2
33230	2	1
33235	2	1
33244	3	2
33246	1	2
33253	2	1
33258	3	2
33265	1	2
33270	1	2
33280	3	2
33283	1	2
33284	2	1
33291	3	2
33297	2	1
33300	2	1
33303	1	2
33306	1	2
33313	2	1
33322	2	1
33326	3	1
33353	3	2
33354	3	2
33355	3	2
33369	3	2
33378	2	3
33385	2	1
33397	1	2
33403	2	3
33434	1	2
33438	2	3
33444	1	2
33453	1	2
33465	1	2
33473	3	2
33475	2	1
33481	2	3
33498	2	1
33499	2	3
33517	1	2
33528	2	1
33530	1	2
33532	2	1
33546	3	2
33547	2	3
33549	3	2
33550	2	1
33586	1	2
33587	1	2
33593	2	1
33595	3	2
33601	2	1
33603	3	2
33613	2	1
33630	2	3
33639	2	1
33659	1	2
33672	1	2
33693	2	1
33702	2	3
33706	2	3
33708	2	3
33724	2	3
33736	3	2
33737	1	2
33770	2	1
33786	2	3
33792	3	2
33793	3	2
33795	3	2
33797	2	3
33798	3	2
33810	3	2
33826	3	2
33829	3	2
33840	3	2
33841	2	3
33853	2	1
33866	3	2
33886	1	2
33888	3	2
33891	3	2
33908	1	2
33920	2	1
33923	2	1
33925	1	2
33931	2	3
33939	1	3
33941	2	3
33943	1	2
33946	1	2
33960	2	1
33963	3	2
33964	3	2
33980	2	1
33981	2	1
34002	1	2
34005	1	2
34017	2	3
34020	1	2
34029	3	2
34046	1	2
34050	2	1
34058	1	2
34060	1	2
34067	2	1
34069	3	1
34071	2	3
34080	2	1
34082	2	3
34083	3	2
34087	3	2
34132	3	2
34134	3	2
34139	2	1
34142	1	2
34146	3	2
34148	1	2
34158	3	2
34176	1	2
34181	2	3
34209	2	3
34216	1	2
34222	3	2
34223	3	2
34226	1	2
34247	3	2
34263	2	1
34264	1	3
34278	1	2
34286	1	2
34296	1	2
34304	2	1
34322	2	3
34343	3	2
34345	2	3
34350	2	1
34354	1	2
34360	3	2
34371	1	2
34381	1	2
34388	3	2
34393	3	2
34394	1	2
34395	2	1
34406	1	2
34407	3	2
34408	3	2
34424	2	3
34428	3	2
34437	2	1
34446	1	2
34457	1	2
34465	1	2
34477	1	2
34479	1	2
34487	3	2
34488	1	2
34494	2	3
34507	2	3
34518	2	1
34520	1	2
34523	3	2
34525	2	3
34541	2	1
34552	2	3
34556	2	3
34560	2	1
34564	1	2
34571	1	2
34573	1	2
34581	1	2
34587	3	2
34591	2	3
34594	2	1
34605	2	1
34613	2	3
34621	2	3
34627	1	2
34633	1	2
34649	3	2
34660	2	3
34661	2	1
34666	3	2
34683	1	2
34688	1	2
34693	2	1
34694	2	1
34699	2	3
34700	2	3
34706	2	3
34711	1	2
34712	2	1
34726	2	3
34730	1	2
34733	2	1
34736	3	2
34738	2	3
34777	2	1
34782	2	1
34799	2	1
34806	3	2
34835	1	2
34838	3	2
34839	3	2
34845	3	2
34847	1	2
34849	1	2
34857	2	1
34862	1	2
34876	1	2
34878	2	1
34884	3	2
34885	2	3
34887	2	1
34902	2	1
34903	3	2
34906	2	3
34920	2	1
34923	2	1
34925	3	2
34926	2	1
34928	2	3
34935	2	3
34939	3	2
34940	2	3
34950	3	2
34956	2	3
34968	3	2
34982	3	2
34990	1	2
34997	2	3
35026	3	2
35027	2	3
35028	2	3
35033	2	1
35043	3	2
35048	3	2
35056	2	1
35062	3	2
35068	3	2
35076	1	2
35079	2	1
35080	2	1
35084	1	2
35086	2	1
35091	3	2
35093	2	3
35097	2	1
35099	3	2
35111	3	2
35112	2	3
35115	2	1
35116	3	2
35118	2	3
35122	2	3
35139	1	2
35143	2	1
35155	2	3
35171	3	2
35197	1	2
35237	2	1
35238	2	1
35239	1	2
35245	1	2
35246	2	1
35247	2	1
35248	3	1
35255	1	2
35256	2	1
35269	2	3
35277	2	3
35278	1	3
35279	3	2
35280	1	3
35288	2	3
35292	1	2
35299	2	3
35306	2	3
35327	2	1
35329	1	2
35336	1	2
35338	1	2
35340	3	1
35343	2	3
35344	2	3
35345	2	3
35357	1	2
35359	2	1
35383	1	2
35391	3	2
35395	2	1
35397	2	1
35398	1	2
35406	2	1
35409	3	2
35414	2	1
35424	2	1
35426	1	2
35427	3	2
35429	2	1
35430	1	2
35439	1	3
35443	2	1
35445	1	2
35451	2	3
35457	1	2
35465	1	2
35466	1	2
35473	2	3
35475	2	3
35480	3	2
35481	2	3
35485	1	2
35489	1	2
35494	2	3
35495	2	3
35499	2	1
35502	2	1
35516	1	2
35528	2	3
35534	3	2
35544	3	2
35549	1	2
35554	1	2
35559	1	2
35562	1	2
35581	2	3
35585	2	3
35586	3	2
35589	3	2
35591	2	3
35594	3	2
35609	2	1
35614	3	2
35623	2	1
35640	1	2
35643	3	2
35654	2	3
35669	3	2
35671	1	3
35677	3	2
35680	3	2
35689	2	1
35691	1	2
35694	1	2
35700	1	2
35702	2	1
35706	2	1
35709	2	1
35722	3	2
35725	2	3
35731	3	2
35739	1	2
35740	2	1
35744	2	1
35745	1	2
35760	2	3
35761	3	2
35763	2	3
35764	3	2
35769	3	2
35780	1	2
35789	3	2
35793	2	1
35794	1	2
35807	2	3
35813	3	2
35819	3	2
35821	2	3
35835	1	2
35843	3	2
35847	2	3
35848	2	3
35849	3	2
35854	1	2
35862	1	2
35864	2	1
35865	2	3
35866	3	2
35867	2	1
35868	2	3
35875	1	2
35883	1	2
35886	1	2
35887	2	1
35892	2	1
35902	2	3
35914	2	1
35921	1	2
35922	1	2
35932	2	1
35936	2	1
35937	1	2
35946	2	1
35967	2	3
35970	2	3
35987	1	2
35988	1	2
35997	2	1
35999	2	1
36000	1	2
36002	3	1
36004	2	1
36008	2	1
36011	2	1
36014	1	2
36016	1	2
36025	1	2
36039	1	2
36057	1	2
36058	2	1
36059	3	2
36065	2	1
36076	2	1
36078	2	1
36079	1	2
36084	3	2
36088	2	3
36091	1	2
36097	2	1
36112	3	2
36124	1	2
36129	1	3
36130	2	3
36151	1	2
36152	1	2
36153	2	1
36161	1	2
36163	2	1
36167	2	3
36169	2	3
36173	2	1
36180	2	1
36185	1	2
36186	1	2
36189	2	3
36192	3	2
36193	2	1
36199	1	2
36206	2	3
36210	2	1
36211	1	2
36224	2	3
36230	2	3
36232	1	2
36235	1	2
36236	1	2
36254	1	2
36267	3	2
36270	1	2
36276	1	2
36293	2	3
36306	3	2
36307	3	2
36314	2	1
36319	1	2
36320	1	2
36323	1	2
36325	2	1
36326	1	2
36330	1	2
36345	1	2
36353	2	1
36386	2	1
36390	3	2
36401	1	2
36406	3	2
36413	3	2
36414	2	3
36417	1	2
36419	2	3
36427	1	2
36434	2	3
36456	1	2
36461	3	2
36466	3	2
36482	2	3
36504	2	3
36522	1	2
36529	1	2
36541	2	3
36546	2	1
36547	1	2
36558	3	2
36563	2	1
36565	1	2
36574	1	2
36576	3	2
36591	2	3
36593	2	3
36600	2	1
36612	2	3
36615	2	1
36616	1	2
36624	2	3
36625	1	2
36628	1	2
36629	1	2
36631	2	3
36640	2	3
36644	2	3
36645	3	2
36681	1	2
36682	1	2
36685	2	1
36710	2	3
36713	1	2
36714	2	1
36731	1	2
36732	2	1
36733	1	2
36751	3	2
36753	2	3
36754	2	3
36756	2	3
36757	3	2
36763	2	1
36765	2	1
36791	3	2
36795	3	2
36798	2	3
36819	2	1
36821	2	1
36827	3	2
36828	2	3
36829	3	2
36834	3	2
36835	2	3
36836	3	2
36844	2	3
36849	3	2
36853	2	1
36859	2	1
36861	1	2
36862	1	2
36871	3	2
36873	3	2
36875	3	2
36876	2	3
36887	2	3
36897	2	1
36898	1	2
36903	2	3
36913	1	2
36916	1	2
36926	1	2
36937	2	1
36944	3	2
36945	3	2
36954	1	2
36965	3	2
36977	2	1
36979	2	3
36981	3	2
36982	2	3
36984	2	3
36996	1	2
37004	2	3
37006	2	3
37009	2	1
37010	3	2
37012	1	3
37016	1	2
37023	1	2
37024	2	1
37030	2	1
37033	2	1
37039	2	3
37041	2	1
37043	3	2
37045	3	2
37054	2	1
37061	3	2
37063	3	2
37068	2	3
37075	1	2
37097	2	3
37099	2	1
37100	1	2
37107	3	2
37112	3	2
37117	1	2
37120	1	2
37131	3	2
37134	3	2
37136	3	2
37139	3	2
37140	3	2
37153	3	2
37154	3	2
37155	3	2
37159	1	2
37188	2	1
37193	1	2
37200	3	2
37218	3	2
37232	3	2
37236	2	1
37242	1	2
37248	2	3
37250	3	2
37267	2	3
37269	1	2
37270	2	1
37312	1	2
37324	2	1
37329	1	2
37335	2	3
37352	1	2
37355	1	2
37386	3	2
37391	2	1
37392	3	2
37397	3	2
37409	1	2
37410	3	2
37422	2	1
37431	3	2
37435	2	1
37439	3	2
37440	1	2
37443	2	3
37447	3	2
37452	1	2
37459	1	2
37467	3	2
37470	2	3
37472	1	2
37473	1	2
37482	1	2
37487	2	3
37503	2	3
37505	1	2
37515	2	3
37537	3	2
37541	2	3
37546	1	2
37554	3	2
37572	1	2
37574	3	2
37575	1	2
37585	1	2
37589	3	1
37593	2	1
37599	3	2
37602	1	2
37605	2	3
37607	3	2
37609	1	2
37611	2	1
37617	2	1
37620	3	2
37622	3	2
37623	2	3
37626	2	3
37627	2	1
37642	3	2
37655	3	1
37657	2	1
37663	2	1
37666	2	3
37671	2	1
37681	2	1
37685	3	2
37687	3	2
37698	3	2
37701	2	1
37710	1	2
37718	2	3
37721	1	2
37724	2	1
37736	2	3
37738	2	3
37755	2	3
37791	2	1
37796	1	2
37798	1	2
37802	3	2
37817	2	1
37820	3	2
37825	2	3
37850	2	1
37851	1	2
37853	2	1
37862	3	2
37869	2	1
37874	2	3
37880	1	2
37898	3	2
37899	3	2
37907	1	2
37908	1	2
37910	1	2
37912	1	2
37913	1	2
37918	2	3
37920	2	1
37921	3	1
37925	3	2
37937	1	2
37947	2	3
37958	2	1
37973	2	3
37975	3	2
37982	3	2
37985	3	2
37992	1	2
37995	3	2
38002	1	2
38008	1	2
38009	1	2
38033	2	1
38037	2	3
38059	2	1
38073	1	2
38085	1	2
38086	2	1
38094	2	3
38105	3	2
38111	2	3
38127	2	3
38128	2	3
38133	2	1
38148	3	2
38154	3	2
38156	2	1
38158	1	2
38161	3	2
38162	3	2
38178	2	3
38182	1	2
38188	1	2
38189	2	1
38191	1	2
38192	2	1
38194	1	2
38197	1	2
38198	1	2
38204	2	1
38205	2	1
38209	2	3
38210	2	3
38213	3	2
38250	1	2
38257	3	2
38258	3	2
38259	1	3
38270	1	2
38299	2	3
38304	1	2
38305	2	3
38308	1	2
38312	2	1
38319	2	3
38322	3	2
38324	2	3
38328	3	2
38333	1	2
38336	2	1
38342	2	3
38349	3	2
38352	3	2
38355	3	2
38356	2	3
38358	2	3
38360	3	2
38362	2	3
38370	2	1
38371	2	3
38388	1	2
38391	1	2
38401	2	3
38407	2	1
38414	2	3
38423	2	1
38424	2	1
38427	2	3
38429	1	2
38432	1	2
38434	1	2
38437	2	1
38439	2	1
38444	1	2
38449	1	2
38450	1	2
38454	2	3
38458	1	2
38459	2	3
38460	3	2
38463	2	1
38466	3	2
38468	2	3
38480	3	2
38483	2	1
38484	2	3
38489	1	2
38495	3	2
38500	3	2
38505	2	1
38507	3	2
38508	1	2
38511	1	2
38525	2	1
38527	2	3
38529	1	2
38533	2	1
38550	3	2
38551	3	2
38555	2	1
38575	3	2
38590	2	3
38591	3	2
38597	3	2
38601	1	2
38609	2	1
38610	2	1
38611	2	1
38612	1	2
38616	1	2
38624	3	2
38626	1	2
38643	1	2
38649	3	2
38653	2	3
38658	2	3
38662	3	2
38664	2	1
38665	2	3
38668	3	2
38675	3	2
38676	3	2
38684	3	2
38688	3	2
38698	2	3
38704	1	3
38705	2	3
38715	1	2
38716	1	2
38719	1	2
38725	2	3
38731	2	3
38739	1	2
38740	1	2
38746	3	1
38763	2	1
38764	2	1
38773	1	2
38775	2	1
38776	2	3
38782	2	1
38784	1	2
38793	3	2
38794	3	2
38797	3	2
38803	3	2
38804	3	2
38805	3	2
38809	2	1
38812	1	2
38818	3	2
38824	3	2
38832	1	2
38833	1	2
38863	1	2
38866	1	2
38886	3	2
38891	3	2
38893	2	3
38907	3	2
38909	2	3
38912	3	2
38918	2	3
38933	2	3
38934	2	3
38937	1	2
38942	1	2
38943	1	2
38963	1	2
38964	2	1
38971	1	2
38972	2	1
38973	1	2
38992	1	2
38996	2	1
39000	3	2
39005	2	3
39008	3	2
39010	2	3
39017	2	3
39028	3	2
39034	3	2
39037	1	2
39038	3	2
39041	3	2
39045	2	3
39046	3	2
39052	3	2
39053	3	2
39056	3	2
39066	3	2
39069	3	2
39072	2	1
39083	3	2
39085	3	2
39086	3	2
39106	3	2
39107	2	3
39108	2	1
39109	2	1
39112	3	2
39116	1	3
39121	1	2
39122	2	1
39123	1	2
39124	2	1
39146	3	2
39151	1	2
39152	2	1
39155	3	2
39167	1	2
39171	1	2
39173	1	2
39176	3	2
39183	2	1
39193	1	2
39196	2	1
39204	3	2
39215	3	2
39229	1	2
39231	2	3
39236	2	1
39258	1	2
39267	3	2
39273	3	2
39276	2	1
39277	1	2
39279	1	2
39283	2	3
39301	3	2
39305	1	2
39320	3	2
39344	2	1
39346	3	2
39347	3	2
39354	1	2
39357	1	2
39374	2	1
39387	1	2
39389	1	2
39390	1	2
39404	2	1
39416	3	2
39423	1	2
39424	1	2
39445	1	2
39448	2	3
39454	1	2
39455	1	2
39465	3	2
39468	3	2
39470	3	2
39481	2	3
39484	2	1
39486	1	2
39492	1	2
39504	2	3
39539	1	2
39541	1	2
39545	1	2
39563	2	1
39564	1	2
39574	3	2
39575	3	2
39577	2	1
39584	2	3
39625	3	2
39628	3	2
39635	2	3
39636	2	3
39638	3	2
39640	2	3
39645	1	2
39648	2	3
39654	1	2
39657	3	2
39667	3	2
39676	3	2
39677	2	3
39683	2	3
39685	3	2
39705	2	1
39706	1	3
39711	1	2
39718	1	2
39726	2	3
39727	3	2
39728	3	2
39729	1	2
39733	2	3
39737	2	1
39739	2	1
39751	3	2
39752	3	2
39755	2	3
39758	2	1
39764	1	2
39765	2	1
39769	2	3
39770	3	2
39779	1	2
39788	1	2
39799	3	2
39802	3	2
39814	1	2
39822	1	2
39825	2	1
39826	1	2
39832	2	1
39835	3	2
39844	3	2
39846	3	1
39847	2	3
39848	1	2
39858	1	2
39861	2	1
39882	2	1
39886	1	2
39888	2	1
39911	3	2
39920	3	2
39925	2	1
39926	1	2
39930	3	2
39931	3	2
39940	3	2
39945	1	2
39958	3	2
39959	3	2
39961	2	3
39973	2	1
39974	2	1
39983	2	3
39990	3	2
40014	3	2
40017	3	2
40019	2	3
40026	1	2
40036	1	2
40040	2	3
40041	3	2
40042	2	3
40051	2	3
40052	2	3
40054	2	1
40061	3	2
40062	2	3
40068	2	3
40069	2	3
40074	1	2
40088	1	2
40109	2	1
40120	3	2
40130	3	2
40140	1	2
40152	1	2
40159	3	2
40162	2	3
40178	2	1
40179	2	1
40181	2	3
40182	1	2
40196	2	3
40197	3	2
40209	3	2
40231	2	3
40233	1	2
40243	2	1
40245	2	1
40255	3	2
40262	2	1
40266	3	2
40270	2	1
40274	3	2
40277	1	2
40278	2	3
40279	3	2
40287	2	3
40288	3	2
40290	3	2
40292	3	2
40302	1	2
40317	2	1
40318	1	2
40323	2	1
40329	2	1
40336	3	2
40340	3	2
40346	1	2
40365	2	3
40375	2	1
40376	1	2
40378	2	1
40380	3	2
40389	1	2
40400	3	2
40404	1	2
40405	1	2
40406	1	2
40417	1	2
40421	1	2
40422	2	1
40435	2	3
40437	3	2
40440	2	1
40441	1	2
40449	1	2
40456	2	3
40458	2	3
40463	2	3
40466	2	3
40483	2	3
40498	1	2
40502	2	1
40503	2	1
40505	2	3
40517	1	2
40518	1	2
40528	1	2
40533	2	1
40555	2	3
40568	2	3
40597	1	2
40598	2	1
40612	3	2
40619	1	2
40625	1	2
40642	3	2
40643	3	2
40651	2	1
40654	3	2
40657	2	3
40660	2	1
40668	1	2
40680	3	2
40684	2	3
40686	3	2
40687	3	2
40690	1	2
40692	2	3
40696	3	2
40698	3	2
40700	3	2
40702	2	3
40714	3	2
40715	2	3
40740	3	2
40741	3	2
40745	1	2
40749	3	2
40756	1	2
40767	2	3
40771	2	3
40772	2	3
40773	2	3
40774	3	2
40785	1	2
40787	2	1
40789	1	2
40791	2	1
40795	2	3
40809	3	2
40816	2	3
40833	1	2
40839	2	3
40840	3	2
40841	1	2
40842	2	1
40843	1	2
40851	2	1
40861	1	2
40866	3	2
40882	1	2
40885	1	2
40896	3	2
40901	2	3
40913	2	3
40925	2	1
40926	1	2
40941	3	2
40945	1	2
40984	1	2
40985	2	1
41001	3	2
41002	2	3
41004	2	3
41007	2	1
41008	1	2
41015	1	2
41024	2	1
41033	2	3
41049	2	3
41061	2	1
41062	1	2
41066	2	1
41067	2	1
41069	2	3
41070	3	2
41077	2	1
41082	3	2
41085	2	3
41098	3	2
41116	3	2
41117	3	1
41118	2	1
41119	1	2
41128	1	3
41133	2	1
41139	1	2
41153	3	2
41160	2	1
41166	2	1
41187	1	2
41188	2	1
41204	2	1
41212	3	2
41214	2	1
41219	1	2
41224	2	3
41227	3	2
41235	2	3
41236	1	3
41237	2	3
41241	2	3
41244	3	2
41246	3	2
41254	2	3
41255	3	2
41262	3	2
41263	3	2
41276	2	3
41278	3	2
41300	1	2
41301	1	2
41320	1	2
41325	1	2
41331	1	2
41332	2	1
41336	1	2
41345	2	1
41352	2	3
41358	1	2
41360	3	2
41371	1	3
41386	2	1
41387	2	1
41389	3	2
41393	1	2
41395	2	1
41417	3	2
41446	2	1
41447	1	2
41452	1	2
41461	3	2
41469	2	1
41474	1	2
41485	3	2
41498	2	3
41501	1	2
41516	2	3
41530	2	3
41533	3	2
41535	1	2
41542	1	2
41563	1	2
41567	2	3
41573	3	2
41586	2	1
41588	1	2
41596	1	2
41600	2	3
41601	3	2
41602	2	1
41619	2	3
41622	3	1
41634	3	2
41635	3	2
41641	2	1
41643	3	2
41645	2	3
41646	2	1
41650	1	2
41659	1	2
41668	1	2
41669	2	1
41670	3	2
41681	1	2
41683	1	2
41685	1	2
41690	1	2
41693	1	2
41696	3	2
41706	1	2
41711	2	1
41712	1	2
41717	2	3
41719	3	2
41724	3	2
41727	2	3
41736	3	2
41738	3	2
41740	2	3
41744	2	1
41746	2	3
41747	3	2
41749	3	2
41769	1	2
41770	3	2
41771	1	2
41794	3	2
41798	3	2
41811	3	2
41814	2	3
41827	2	3
41831	2	1
41832	1	2
41835	2	1
41841	2	3
41847	1	2
41869	3	2
41877	2	3
41908	1	2
41916	1	2
41920	1	2
41928	2	1
41937	2	1
41938	3	2
41945	1	2
41955	2	1
41956	1	2
41966	1	2
41970	3	2
41982	2	3
41993	2	3
41998	3	2
42002	2	3
42004	2	1
42009	1	2
42016	3	2
42023	1	2
42033	2	3
42034	1	2
42040	3	2
42046	2	3
42057	2	1
42077	2	1
42094	3	2
42095	3	1
42102	2	1
42105	1	2
42117	3	2
42118	1	2
42123	2	1
42125	1	2
42131	3	2
42137	1	2
42150	2	1
42151	2	3
42167	1	2
42170	3	2
42180	1	2
42197	3	2
42229	2	3
42231	2	3
42232	3	2
42239	2	3
42244	2	3
42245	2	3
42246	2	3
42277	1	2
42291	2	3
42292	3	2
42296	1	2
42304	1	2
42306	1	2
42313	3	2
42316	2	1
42318	2	1
42349	3	2
42350	3	2
42352	2	3
42354	3	2
42363	1	2
42367	2	3
42373	2	1
42420	2	1
42426	3	2
42427	2	3
42434	2	3
42447	2	1
42452	2	1
42454	2	3
42478	2	1
42505	3	2
42514	2	1
42515	3	2
42519	3	2
42521	2	3
42522	2	3
42550	3	2
42561	2	1
42578	1	2
42584	2	1
42598	3	2
42600	3	2
42601	3	2
42612	2	3
42615	3	2
42620	2	1
42634	2	3
42636	1	2
42642	2	3
42646	1	2
42647	1	2
42648	1	2
42654	3	2
42659	2	3
42663	1	2
42666	1	2
42668	1	2
42669	1	2
42682	3	2
42685	2	3
42687	3	2
42715	1	2
42729	2	3
42731	3	2
42733	2	3
42734	2	3
42749	1	2
42767	2	1
42772	2	3
42784	2	3
42786	1	2
42787	1	2
42802	2	3
42812	3	2
42813	2	3
42817	2	1
42822	1	2
42823	3	2
42834	3	2
42840	3	2
42841	3	2
42847	3	2
42849	1	2
42857	2	3
42875	3	2
42876	3	2
42877	2	3
42883	1	2
42884	2	3
42891	3	2
42893	3	2
42910	3	2
42921	1	2
42923	2	1
42934	3	2
42936	3	2
42938	3	2
42939	3	2
42947	2	3
42948	3	2
42954	2	3
42963	3	2
42988	2	3
42989	2	3
42991	1	2
43004	1	2
43005	2	3
43010	1	2
43012	1	2
43016	1	2
43024	2	3
43035	3	2
43040	2	3
43073	3	2
43074	2	3
43112	2	3
43113	2	3
43130	1	2
43133	1	2
43147	2	3
43154	2	1
43166	1	2
43167	1	2
43172	1	2
43173	1	2
43175	3	2
43180	1	2
43201	1	2
43203	3	2
43213	1	2
43217	1	2
43226	1	2
43230	1	2
43240	2	3
43247	2	1
43250	1	2
43256	1	2
43268	1	2
43274	3	2
43276	3	2
43278	1	2
43294	2	3
43298	2	1
43304	1	2
43308	2	3
43309	3	2
43320	1	2
43325	3	2
43326	3	2
43339	1	2
43342	2	1
43345	2	3
43346	1	2
43354	3	2
43357	3	2
43362	2	1
43363	2	3
43365	3	2
43370	1	2
43378	2	3
43382	3	2
43383	2	1
43386	1	2
43388	3	2
43397	2	3
43407	1	2
43408	2	1
43409	2	3
43413	2	3
43439	3	2
43446	2	3
43449	2	1
43450	1	2
43455	2	1
43468	3	2
43469	3	2
43474	1	3
43480	2	1
43481	2	3
43496	2	1
43497	1	2
43518	2	3
43561	2	3
43584	3	2
43602	3	2
43616	1	2
43622	1	3
43623	1	2
43627	3	2
43637	3	2
43638	2	3
43658	1	2
43661	2	3
43673	1	2
43675	1	2
43676	1	2
43699	3	2
43712	3	2
43720	2	3
43722	3	2
43723	3	2
43725	3	2
43731	2	3
43732	3	2
43737	2	1
43747	1	2
43750	3	2
43768	2	1
43778	2	1
43779	1	2
43780	2	1
43785	1	2
43793	3	2
43803	2	1
43805	1	2
43808	3	2
43828	3	2
43829	2	3
43832	2	3
43834	1	2
43835	2	1
43836	1	2
43844	1	2
43856	2	3
43876	2	3
43884	3	2
43887	2	1
43894	1	2
43914	2	3
43919	3	2
43923	3	2
43925	2	3
43951	3	2
43952	3	2
43962	1	2
43976	3	2
43983	1	2
43993	3	2
43994	2	3
43999	1	2
44001	1	2
44006	1	2
44008	3	2
44015	2	3
44016	3	2
44017	3	2
44028	2	1
44045	3	2
44047	3	2
44050	3	2
44055	2	3
44057	3	2
44066	3	2
44067	3	2
44071	3	2
44072	3	2
44079	3	2
44105	2	3
44132	2	1
44140	2	3
44146	3	2
44147	2	3
44148	3	2
44158	3	2
44162	1	2
44163	1	2
44175	2	1
44190	1	2
44199	2	3
44216	2	1
44219	3	2
44234	3	2
44240	2	3
44255	1	2
44279	2	1
44282	2	1
44287	1	2
44291	2	1
44300	2	1
44307	2	3
44313	3	2
44314	2	3
44315	2	3
44317	2	3
44324	1	2
44325	2	1
44326	2	1
44328	3	2
44351	2	1
44368	2	1
44386	1	2
44388	2	1
44404	3	2
44412	3	2
44414	3	2
44423	2	3
44424	3	2
44426	2	3
44427	1	2
44443	1	2
44444	2	1
44445	1	2
44446	1	2
44454	2	1
44461	2	3
44468	3	2
44486	2	1
44493	1	2
44496	3	2
44499	2	3
44515	1	2
44519	2	3
44520	2	3
44525	3	2
44528	3	2
44533	2	1
44535	2	1
44536	1	2
44546	3	2
44548	3	2
44551	2	1
44552	1	2
44553	1	2
44555	1	2
44578	2	1
44587	2	3
44606	3	2
44612	2	3
44614	3	2
44627	3	1
44654	3	2
44664	3	2
44677	3	1
44678	3	1
44686	2	3
44687	2	1
44688	2	3
44690	2	3
44691	2	3
44693	2	1
44704	1	2
44706	2	1
44707	3	2
44711	2	3
44726	1	2
44733	2	3
44743	2	3
44744	3	2
44745	2	3
44754	3	2
44755	3	2
44765	2	3
44769	1	2
44784	3	2
44805	3	2
44806	2	3
44810	2	1
44835	1	2
44840	3	2
44845	3	2
44849	2	1
44853	2	1
44863	2	3
44880	1	2
44906	1	2
44909	3	2
44910	2	3
44917	2	3
44920	2	1
44927	2	3
44928	3	2
44933	1	2
44934	3	2
44950	3	2
44968	2	1
44971	3	2
44980	1	2
44984	3	2
44985	1	2
44991	1	2
44992	3	2
44995	2	3
44997	2	1
45002	1	2
45003	1	2
45006	2	1
45027	2	3
45031	1	2
45032	2	1
45033	2	1
45034	2	1
45041	1	2
45047	3	2
45050	2	3
45065	1	2
45066	2	3
45067	2	3
45073	3	2
45079	1	2
45082	2	3
45090	3	2
45096	2	3
45105	1	2
45108	3	2
45111	2	1
45112	2	1
45113	3	2
45124	3	2
45150	3	2
45167	1	2
45189	1	2
45193	2	3
45194	2	3
45201	3	2
45204	3	2
45207	2	1
45209	2	1
45212	2	1
45214	3	2
45217	2	1
45226	3	2
45250	2	1
45256	2	3
45259	2	1
45260	3	1
45261	3	2
45270	2	1
45274	2	3
45278	1	2
45282	2	3
45289	3	2
45295	2	3
45297	3	2
45309	3	2
45310	2	3
45322	3	2
45326	3	2
45329	1	2
45339	1	2
45341	3	2
45342	2	1
45355	3	2
45364	1	2
45371	2	1
45373	2	1
45382	1	2
45383	1	2
45386	1	2
45387	2	1
45399	2	3
45400	1	2
45401	2	1
45402	3	2
45403	2	3
45411	1	2
45427	1	2
45429	3	2
45430	3	2
45432	1	2
45437	1	2
45443	2	1
45452	3	2
45458	2	3
45461	3	2
45468	3	2
45473	2	1
45482	2	1
45505	2	1
45511	2	3
45515	1	2
45528	1	2
45532	2	1
45536	1	2
45537	3	2
45540	2	1
45559	2	3
45563	3	2
45564	3	2
45566	3	1
45576	2	1
45587	1	2
45597	3	2
45602	1	2
45605	2	3
45606	3	2
45623	2	3
45624	2	3
45626	3	2
45640	1	2
45675	2	1
45685	2	3
45686	2	3
45691	2	1
45699	3	2
45701	1	2
45726	2	1
45728	1	2
45752	2	1
45753	1	2
45755	3	2
45756	3	2
45759	1	2
45766	1	2
45769	1	2
45798	3	1
45806	2	3
45807	2	3
45811	2	3
45813	3	2
45814	3	2
45817	2	1
45821	1	2
45822	1	2
45823	1	2
45826	1	2
45833	2	3
45840	2	3
45849	2	1
45853	3	2
45854	3	1
45855	1	2
45861	2	1
45862	2	1
45876	1	2
45878	2	3
45890	3	2
45894	3	2
45895	3	2
45954	1	2
45968	3	2
45973	2	3
45974	3	2
46016	3	2
46024	1	2
46027	2	3
46036	2	3
46040	2	1
46041	2	1
46042	2	1
46044	2	1
46053	3	2
46062	2	1
46066	3	2
46068	3	2
46071	3	2
46072	3	2
46085	1	2
46090	2	1
46107	2	1
46120	3	2
46122	3	2
46123	2	1
46124	2	3
46128	1	2
46131	1	2
46139	2	1
46141	2	1
46143	1	2
46152	3	2
46159	1	2
46174	2	3
46176	2	1
46180	1	2
46190	2	3
46202	2	1
46203	3	2
46204	3	2
46208	3	2
46210	1	2
46222	3	2
46250	1	2
46253	1	2
46260	2	3
46268	2	3
46274	3	2
46288	2	3
46299	1	2
46300	2	1
46311	3	2
46313	3	2
46330	2	1
46335	1	2
46352	2	3
46364	2	3
46367	2	3
46370	3	2
46386	2	3
46394	1	3
46401	2	3
46404	3	2
46430	2	3
46438	3	2
46440	2	3
46461	2	1
46486	2	3
46507	2	1
46510	3	2
46516	3	2
46526	2	3
46538	2	3
46544	3	2
46545	2	1
46547	2	1
46553	1	2
46561	1	2
46563	2	3
46564	2	1
46570	1	3
46577	3	2
46579	3	2
46580	1	2
46583	2	1
46588	1	2
46589	2	1
46593	1	2
46596	2	1
46599	1	2
46611	2	1
46639	1	2
46640	1	2
46641	2	1
46644	3	2
46647	3	2
46655	2	1
46656	1	2
46664	2	1
46667	1	2
46670	3	2
46671	3	2
46672	1	2
46674	2	1
46705	2	3
46706	3	2
46709	2	1
46710	1	2
46714	1	2
46715	2	3
46716	3	2
46718	3	2
46720	3	2
46721	3	2
46723	2	3
46730	3	2
46771	1	2
46772	2	1
46776	1	2
46785	2	3
46787	2	3
46795	3	2
46801	2	3
46803	3	2
46805	2	3
46823	1	2
46827	1	2
46829	2	3
46834	2	3
46841	2	3
46842	2	3
46864	3	2
46867	1	2
46873	3	2
46875	3	2
46878	1	2
46879	2	3
46880	3	2
46883	1	3
46902	3	2
46907	1	2
46919	1	2
46937	3	2
46944	3	2
46956	3	2
46963	2	1
46971	3	2
46973	1	2
46979	2	3
47015	1	2
47025	3	2
47035	1	2
47036	1	2
47038	1	2
47039	2	1
47074	1	2
47076	2	1
47077	3	2
47080	2	1
47101	3	2
47103	2	3
47113	1	2
47114	1	2
47145	2	3
47156	2	1
47157	2	3
47159	2	1
47175	2	1
47179	2	1
47188	2	1
47192	3	2
47197	3	2
47209	2	1
47210	2	1
47213	1	2
47216	2	3
47223	1	2
47224	2	1
47226	1	2
47235	2	1
47262	1	2
47269	1	2
47270	1	2
47272	1	2
47303	1	2
47305	1	3
47307	2	3
47316	3	2
47317	3	2
47321	1	3
47329	2	1
47330	2	1
47331	1	2
47334	1	3
47336	3	2
47342	2	1
47343	2	3
47353	2	1
47354	1	2
47359	1	2
47374	3	2
47376	2	3
47381	1	2
47382	1	2
47399	3	2
47406	3	2
47409	2	3
47423	2	1
47429	1	2
47462	2	3
47469	2	1
47475	3	2
47489	3	2
47509	3	2
47510	2	1
47513	2	3
47516	2	3
47529	2	3
47533	2	3
47541	2	1
47544	1	2
47549	3	2
47551	3	2
47569	1	2
47570	3	2
47581	1	2
47590	2	3
47621	2	1
47625	2	3
47628	2	3
47633	3	2
47640	2	1
47643	3	2
47645	3	2
47659	2	1
47661	2	1
47669	1	2
47671	2	3
47672	3	2
47680	2	1
47681	2	3
47691	3	2
47699	3	2
47703	1	2
47706	2	1
47710	3	2
47712	3	2
47721	1	2
47722	1	2
47725	1	2
47730	2	3
47735	2	3
47741	3	2
47742	1	2
47743	1	2
47759	1	2
47772	2	3
47773	2	3
47777	3	2
47790	1	2
47796	2	3
47809	1	2
47819	1	2
47820	1	2
47834	1	2
47839	1	2
47845	2	1
47846	2	3
47850	1	2
47852	1	2
47857	3	2
47865	3	2
47866	3	2
47883	2	3
47892	1	2
47899	3	2
47909	3	2
47933	3	2
47943	3	2
47953	3	2
47959	2	1
47969	2	3
47970	2	1
47976	2	1
47977	2	1
47981	2	3
47989	1	2
47991	2	1
48001	1	2
48007	3	2
48024	1	3
48025	3	2
48040	3	2
48041	3	2
48046	3	2
48049	1	2
48051	1	2
48055	2	1
48058	1	2
48061	3	2
48063	2	3
48065	3	2
48066	3	2
48068	2	3
48072	2	3
48080	1	2
48082	2	1
48100	3	2
48106	3	2
48109	1	2
48114	1	2
48120	1	2
48127	2	3
48141	2	3
48142	3	2
48149	3	2
48175	1	2
48177	2	3
48180	2	1
48181	2	1
48206	3	2
48208	3	2
48209	3	2
48213	3	2
48214	3	2
48226	2	1
48228	3	2
48233	2	1
48234	1	2
48237	3	2
48238	3	2
48242	3	2
48243	3	2
48244	3	2
48271	3	2
48272	3	2
48290	2	3
48300	1	2
48305	1	2
48309	3	2
48312	3	2
48319	1	2
48325	3	2
48326	3	2
48330	1	2
48331	1	2
48333	2	1
48334	2	1
48335	2	3
48362	1	2
48369	3	2
48391	3	2
48394	2	1
48399	2	3
48402	2	3
48430	1	2
48431	3	2
48439	2	3
48446	2	3
48465	3	2
48472	1	2
48495	1	2
48517	1	2
48518	1	2
48521	2	1
48543	3	2
48550	1	2
48551	1	2
48554	1	2
48559	3	2
48566	1	2
48567	2	1
48568	3	2
48570	3	2
48571	3	2
48573	2	3
48583	2	1
48592	2	1
48595	3	2
48596	2	3
48605	3	2
48622	2	3
48633	1	2
48657	2	3
48679	2	1
48682	3	2
48683	3	2
48684	1	2
48686	3	2
48691	1	2
48694	1	2
48707	1	2
48708	2	1
48709	2	1
48713	3	2
48729	2	3
48743	1	2
48749	2	3
48754	2	1
48761	2	1
48768	3	2
48773	2	3
48789	2	1
48791	3	2
48795	3	2
48798	2	1
48801	1	2
48802	2	1
48816	2	3
48829	1	2
48835	2	1
48839	2	3
48845	1	2
48847	3	1
48848	3	2
48859	1	2
48871	1	2
48890	1	2
48893	3	2
48894	2	3
48895	2	3
48896	2	3
48897	2	3
48898	1	2
48907	1	2
48921	3	2
48922	2	1
48923	1	2
48925	1	2
48930	2	3
48931	2	3
48936	1	2
48945	2	1
48946	3	2
48967	2	1
48968	3	2
48972	1	2
48974	3	2
48975	3	2
48978	1	2
48980	2	3
48981	3	2
48984	3	2
48990	1	2
48991	2	3
48992	2	3
48993	2	1
48996	1	2
48997	1	2
48998	3	2
49004	1	2
49012	2	3
49019	3	2
49027	2	1
49028	1	2
49038	2	1
49046	1	2
49049	2	3
49056	2	3
49058	2	1
49079	1	2
49081	2	3
49095	2	3
49102	3	2
49105	1	2
49106	1	2
49110	1	2
49112	1	2
49117	1	2
49123	3	2
49128	2	3
49129	2	3
49132	3	2
49137	3	2
49154	3	2
49178	2	1
49187	1	2
49189	1	2
49190	2	1
49192	1	2
49193	2	1
49195	2	1
49218	1	2
49219	2	3
49221	2	3
49224	1	2
49225	2	1
49253	1	3
49266	3	2
49267	1	3
49274	2	3
49287	2	1
49295	3	2
49302	2	1
49304	1	2
49306	1	2
49310	2	1
49321	1	2
49324	3	2
49331	3	2
49355	1	2
49360	2	3
49361	2	1
49364	1	2
49372	2	3
49374	2	1
49376	1	2
49377	2	1
49382	2	1
49389	1	2
49396	1	2
49402	2	1
49412	3	2
49423	2	1
49425	2	1
49434	1	2
49445	1	2
49473	3	2
49494	1	2
49498	3	2
49504	3	2
49514	2	1
49527	2	3
49532	3	2
49533	3	2
49534	3	2
49546	3	2
49553	1	2
49555	1	2
49577	1	2
49580	1	2
49584	3	2
49595	2	1
49602	3	2
49604	2	1
49605	2	1
49611	1	2
49613	2	1
49624	1	2
49649	1	2
49652	1	2
49661	1	2
49663	1	2
49664	2	3
49680	1	3
49685	3	2
49692	2	3
49698	3	2
49702	3	2
49709	2	3
49712	2	3
49714	2	3
49729	1	2
49730	2	3
49732	1	2
49736	1	3
49738	1	2
49739	2	1
49741	3	2
49761	1	2
49766	1	2
49767	2	1
49776	1	2
49784	1	2
49786	2	1
49788	1	2
49789	1	3
49790	3	1
49791	3	1
49797	3	2
49802	2	3
49804	2	3
49810	3	2
49811	3	2
49812	3	2
49814	2	3
49815	1	3
49821	2	3
49823	2	3
49830	3	2
49835	3	2
49844	2	1
49848	2	3
49850	1	2
49871	1	2
49873	1	2
49877	2	3
49883	2	1
49888	3	2
49889	2	3
49895	1	2
49899	1	2
49911	1	2
49919	1	2
49920	1	2
49926	3	2
49928	1	2
49971	2	3
49972	1	2
49991	2	1
49992	1	2
50006	2	3
50007	3	2
50008	2	3
50010	3	2
50018	2	1
50023	3	2
50024	2	1
50026	1	2
50034	3	2
50035	3	2
50046	1	2
50051	3	2
50063	3	2
50066	1	2
50068	2	1
50069	2	1
50071	1	2
50076	1	2
50094	2	1
50112	1	2
50124	3	2
50129	3	2
50131	2	3
50139	2	1
50140	2	3
50143	1	2
50146	3	2
50154	2	3
50158	2	1
50163	2	3
50164	1	2
50166	1	2
50174	3	2
50175	3	2
50181	1	2
50184	2	1
50188	2	3
50190	3	2
50191	2	3
50216	2	3
50217	3	2
50219	2	3
50227	2	1
50230	1	2
50231	2	1
50232	1	2
50240	2	1
50245	1	2
50251	3	1
50266	3	2
50268	2	3
50278	1	2
50286	2	1
50295	2	1
50299	2	1
50302	2	1
50312	3	2
50313	3	2
50318	1	2
50319	3	2
50322	1	2
50334	1	2
50335	1	2
50339	2	1
50344	2	3
50352	3	2
50353	2	3
50355	2	3
50375	3	2
50377	3	2
50383	2	3
50393	1	2
50398	1	2
50411	1	2
50415	2	3
50422	3	2
50430	3	2
50433	1	2
50437	3	2
50442	2	3
50444	3	2
50446	1	2
50453	2	1
50473	3	2
50476	2	3
50485	2	3
50488	2	3
50516	3	2
50518	1	2
50533	2	3
50536	3	2
50544	2	3
50559	3	2
50560	2	3
50562	1	2
50571	1	2
50592	3	2
50607	2	3
50608	2	3
50615	2	3
50619	3	2
50624	3	2
50626	3	2
50627	3	2
50635	2	1
50636	1	2
50641	2	3
50643	2	1
50664	1	2
50673	1	2
50674	2	1
50676	2	1
50680	1	2
50681	1	2
50690	1	2
50697	3	2
50701	3	2
50705	2	1
50708	2	3
50722	1	2
50727	2	1
50729	1	2
50736	2	3
50738	3	2
50741	3	2
50754	2	3
50768	3	2
50770	3	2
50774	2	3
50776	2	3
50790	3	2
50791	2	3
50806	3	2
50809	3	2
50815	3	2
50820	1	2
50821	1	2
50823	3	1
50824	3	1
50827	1	2
50832	2	3
50849	3	2
50857	1	2
50863	3	2
50869	2	3
50876	2	3
50877	2	3
50880	2	1
50908	3	2
50912	2	3
50913	2	3
50923	3	2
50927	1	2
50928	1	2
50933	3	2
50978	3	2
50981	1	2
50982	2	3
50984	2	1
50986	2	3
50992	3	2
50994	3	2
51000	1	2
51004	1	2
51019	1	2
51020	1	2
51024	2	1
51025	1	2
51026	2	1
51032	2	1
51034	1	2
51037	1	2
51048	3	2
51058	2	3
51061	1	2
51074	2	3
51075	2	1
51083	3	2
51089	2	3
51090	2	3
51103	3	2
51108	1	2
51116	2	1
51120	1	2
51133	1	2
51151	1	2
51156	2	3
51160	3	2
51162	2	1
51168	2	3
51177	3	2
51179	1	2
51186	3	2
51190	3	2
51203	1	2
51224	3	2
51227	2	3
51233	2	3
51257	2	3
51261	2	3
51268	3	2
51282	2	3
51287	2	3
51300	1	2
51304	1	2
51306	1	2
51313	1	2
51332	3	2
51333	2	3
51360	1	2
51375	2	1
51381	1	2
51395	3	2
51423	3	2
51426	2	3
51429	2	1
51433	3	2
51435	2	3
51448	3	2
51449	3	2
51452	2	1
51456	1	2
51457	2	1
51458	1	2
51464	1	2
51465	2	3
51477	2	3
51487	1	2
51492	3	2
51500	2	3
51501	3	2
51512	3	2
51514	2	1
51530	1	2
51531	1	2
51532	1	2
51535	2	1
51544	1	2
51550	1	2
51551	2	3
51552	2	3
51553	2	1
51554	1	2
51560	2	3
51561	1	2
51570	1	2
51582	3	2
51585	2	3
51586	1	2
51597	2	1
51612	1	3
51613	1	3
51614	3	2
51638	2	1
51639	2	1
51641	3	2
51651	2	1
51653	1	2
51654	2	1
51655	1	2
51658	1	2
51660	2	3
51662	2	3
51668	3	2
51674	2	3
51694	3	2
51701	3	2
51706	1	2
51707	2	1
51717	1	2
51724	3	2
51730	1	2
51735	3	2
51744	1	2
51745	3	2
51748	2	1
51749	2	1
51753	2	3
51770	2	1
51791	1	2
51792	2	1
51799	2	1
51800	2	1
51802	1	2
51817	1	2
51820	1	2
51825	2	3
51832	3	2
51841	2	3
51844	1	2
51852	2	3
51868	3	2
51888	2	1
51897	1	2
51898	2	1
51914	1	2
51917	2	3
51918	2	3
51920	3	2
51930	1	2
51945	2	3
51947	3	2
51948	3	2
51953	3	2
51969	1	2
51970	1	2
51975	3	2
51976	1	2
52006	2	3
52013	1	2
52015	1	2
52035	3	2
52036	2	1
52037	1	2
52038	1	2
52039	2	1
52059	3	2
52060	2	3
52067	2	1
52081	1	2
52093	2	3
52094	3	2
52100	2	3
52109	2	3
52116	2	1
52117	2	1
52121	1	2
52126	1	2
52128	1	2
52150	2	1
52155	2	1
52168	2	1
52170	2	1
52171	2	1
52174	1	2
52181	2	3
52201	3	2
52205	2	3
52208	3	2
52213	3	2
52221	2	3
52225	1	2
52237	1	2
52259	2	3
52264	2	1
52273	1	3
52290	2	3
52298	2	1
52299	1	2
52300	2	1
52302	2	3
52323	2	3
52327	2	3
52328	2	1
52332	1	2
52335	2	1
52341	2	3
52354	2	1
52355	2	1
52357	2	3
52361	3	2
52362	3	2
52363	2	1
52389	3	2
52391	3	2
52393	2	3
52398	3	2
52410	3	2
52416	3	2
52427	2	3
52429	2	3
52438	1	2
52463	1	2
52481	1	2
52498	2	1
52504	2	1
52524	1	2
52526	2	1
52533	2	3
52534	2	1
52558	2	1
52572	2	3
52575	2	3
52576	2	3
52577	2	3
52585	2	1
52595	3	2
52602	3	2
52610	3	2
52613	2	3
52614	2	1
52625	1	2
52643	2	1
52650	3	2
52653	3	2
52664	3	2
52667	3	2
52669	3	2
52674	3	2
52677	3	2
52681	2	3
52682	2	3
52689	2	3
52694	3	2
52701	2	3
52702	3	2
52704	2	3
52706	2	3
52710	1	2
52711	1	2
52715	3	2
52716	2	3
52723	2	3
52739	1	3
52743	1	2
52744	2	1
52745	2	1
52755	2	1
52763	3	2
52766	2	3
52769	3	2
52770	3	2
52773	3	2
52776	3	2
52791	3	2
52793	3	2
52805	1	2
52822	1	2
52837	3	2
52853	1	2
52858	3	2
52863	2	3
52865	3	2
52866	3	2
52904	2	3
52905	1	2
52910	2	3
52929	1	2
52938	2	1
52951	2	1
52955	2	1
52956	2	1
52964	3	2
52972	3	2
52990	2	3
53000	2	3
53014	1	2
53017	2	1
53024	3	2
53027	2	3
53034	3	2
53036	1	2
53037	3	2
53039	1	2
53041	3	2
53053	1	2
53056	2	1
53058	3	2
53059	3	2
53069	1	2
53070	1	2
53077	2	3
53084	3	2
53086	3	2
53089	3	2
53090	2	1
53095	3	2
53101	3	2
53102	3	2
53106	2	1
53107	2	1
53109	2	1
53114	3	2
53115	3	2
53127	3	2
53131	1	2
53145	2	3
53146	3	2
53152	2	3
53159	2	3
53175	3	2
53181	2	1
53183	2	3
53186	3	2
53188	2	1
53206	1	2
53215	1	2
53233	1	2
53237	2	3
53238	3	2
53241	3	2
53247	1	2
53261	3	2
53263	2	3
53264	3	2
53265	2	1
53275	1	2
53287	2	3
53297	1	2
53299	1	2
53318	1	2
53319	2	1
53323	2	3
53340	1	2
53341	1	2
53344	2	1
53345	1	2
53347	1	2
53349	2	1
53350	3	1
53356	2	1
53367	2	1
53373	2	3
53374	2	3
53383	2	1
53384	1	2
53405	1	2
53406	2	3
53413	2	3
53418	3	2
53427	2	1
53429	1	2
53433	2	3
53435	3	2
53439	1	2
53446	1	2
53451	1	2
53453	1	2
53454	2	3
53471	1	2
53474	1	2
53480	2	1
53484	2	1
53487	1	2
53491	3	2
53526	2	3
53531	2	3
53532	3	2
53536	2	3
53562	1	2
53563	1	2
53571	1	2
53572	2	3
53575	3	2
53579	1	2
53583	3	2
53584	2	3
53585	3	1
53586	1	2
53591	3	2
53597	2	1
53599	1	2
53603	3	2
53607	1	2
53618	2	3
53619	2	3
53637	2	1
53639	2	1
53647	2	3
53648	3	2
53649	1	2
53657	1	2
53668	2	1
53678	1	2
53680	1	2
53682	3	2
53683	3	2
53691	1	2
53724	1	2
53729	2	3
53731	3	2
53733	2	3
53776	2	1
53777	2	1
53786	2	1
53797	2	3
53798	3	2
53802	1	2
53812	2	1
53817	3	2
53820	1	2
53825	1	2
53827	1	2
53837	1	2
53841	2	1
53846	1	2
53849	2	1
53851	1	2
53883	2	3
53895	1	2
53899	2	3
53904	3	2
53906	2	3
53918	2	3
53928	2	3
53930	3	2
53936	1	2
53940	2	1
53943	2	1
53952	2	3
53954	3	2
53968	2	3
53970	2	1
53973	1	2
53976	1	2
53985	3	2
53990	3	2
54000	1	2
54002	2	3
54005	1	2
54014	2	3
54016	2	1
54032	3	2
54043	1	2
54050	1	2
54051	1	2
54054	1	2
54059	3	2
54096	2	3
54098	3	2
54099	3	2
54105	3	2
54114	2	1
54116	2	1
54117	1	2
54118	2	3
54120	1	2
54122	1	2
54129	3	2
54131	3	2
54142	2	3
54146	1	2
54147	1	2
54153	1	2
54158	2	3
54167	3	2
54168	3	2
54176	3	2
54179	3	2
54187	3	2
54192	2	1
54202	2	1
54214	1	2
54224	2	3
54263	1	2
54274	1	2
54282	1	2
54283	2	1
54284	1	2
54289	2	1
54298	2	3
54300	2	1
54322	3	2
54332	1	2
54335	3	1
54336	2	1
54338	3	2
54339	1	3
54340	1	3
54341	2	3
54342	2	3
54344	2	1
54345	2	3
54347	2	3
54349	3	2
54352	2	3
54363	3	2
54367	3	2
54374	1	2
54377	1	2
54382	2	1
54383	1	2
54410	1	2
54417	2	3
54420	2	1
54435	1	2
54437	3	2
54441	1	2
54456	1	2
54457	1	2
54469	2	1
54475	2	1
54476	2	1
54478	2	3
54488	3	2
54490	2	1
54493	1	2
54500	1	2
54504	1	2
54509	1	2
54513	2	3
54514	3	2
54518	1	2
54543	2	3
54549	2	3
54550	1	2
54555	1	2
54560	2	1
54561	2	1
54567	3	2
54571	2	1
54574	1	2
54575	2	1
54578	1	2
54594	3	2
54597	2	1
54604	3	2
54605	2	3
54609	2	1
54610	2	3
54612	2	3
54621	1	2
54624	2	1
54641	1	2
54644	3	2
54648	2	1
54660	1	2
54661	1	2
54664	1	2
54675	1	2
54688	3	2
54696	3	2
54717	1	2
54726	1	2
54727	2	1
54729	1	2
54738	2	1
54744	2	3
54750	2	3
54778	2	1
54786	2	1
54788	1	2
54797	1	2
54801	1	2
54826	1	2
54828	1	2
54832	2	3
54843	3	2
54847	1	2
54849	2	1
54851	1	2
54852	2	1
54871	2	1
54873	1	2
54874	1	2
54876	3	2
54884	2	3
54889	3	2
54893	2	1
54902	3	2
54911	1	2
54916	2	1
54922	2	1
54923	2	1
54926	3	2
54927	3	2
54929	3	2
54937	2	1
54939	2	3
54949	2	3
54953	3	2
54962	3	2
54965	2	3
54970	2	3
54975	1	2
54976	3	1
54984	1	2
54985	2	3
54990	1	2
54993	2	1
